138	1024
958	1024
734	1024
302	1024
343	1024
880	1024
643	1024
228	1024
416	1024
192	1024
239	1024
656	1024
667	1024
726	1024
69	1024
636	1024
3	1024
345	1024
137	1024
562	1024
565	1024
853	1024
111	1024
139	1024
189	1024
985	1024
239	1024
402	1024
416	1024
564	1024
865	1024
553	1024
497	1024
574	1024
854	1024
840	1024
429	1024
473	1024
43	1024
845	1024
664	1024
281	1024
476	1024
306	1024
1006	1024
544	1024
941	1024
1008	1024
888	1024
53	1024
545	1024
429	1024
905	1024
655	1024
567	1024
70	1024
616	1024
805	1024
471	1024
7	1024
345	1024
311	1024
559	1024
841	1024
884	1024
388	1024
656	1024
289	1024
860	1024
698	1024
109	1024
499	1024
978	1024
584	1024
805	1024
959	1024
104	1024
721	1024
943	1024
991	1024
774	1024
463	1024
395	1024
654	1024
94	1024
961	1024
723	1024
709	1024
742	1024
169	1024
715	1024
62	1024
479	1024
249	1024
902	1024
339	1024
636	1024
534	1024
627	1024
472	1024
207	1024
735	1024
970	1024
161	1024
294	1024
750	1024
95	1024
397	1024
447	1024
13	1024
364	1024
196	1024
476	1024
758	1024
849	1024
569	1024
695	1024
548	1024
253	1024
412	1024
716	1024
967	1024
473	1024
171	1024
191	1024
350	1024
509	1024
826	1024
883	1024
111	1024
273	1024
66	1024
845	1024
219	1024
226	1024
114	1024
968	1024
320	1024
511	1024
390	1024
333	1024
874	1024
585	1024
808	1024
607	1024
410	1024
352	1024
277	1024
957	1024
604	1024
688	1024
648	1024
546	1024
136	1024
818	1024
736	1024
486	1024
302	1024
537	1024
344	1024
412	1024
810	1024
409	1024
232	1024
4	1024
634	1024
346	1024
971	1024
954	1024
856	1024
337	1024
262	1024
705	1024
921	1024
45	1024
287	1024
306	1024
396	1024
564	1024
238	1024
999	1024
227	1024
886	1024
520	1024
363	1024
679	1024
231	1024
848	1024
981	1024
767	1024
167	1024
368	1024
552	1024
576	1024
600	1024
555	1024
185	1024
945	1024
502	1024
114	1024
776	1024
838	1024
375	1024
456	1024
734	1024
419	1024
742	1024
16	1024
814	1024
281	1024
253	1024
788	1024
508	1024
114	1024
283	1024
870	1024
793	1024
513	1024
693	1024
749	1024
256	1024
859	1024
92	1024
807	1024
410	1024
691	1024
338	1024
595	1024
611	1024
839	1024
708	1024
362	1024
652	1024
59	1024
817	1024
361	1024
477	1024
535	1024
376	1024
267	1024
815	1024
629	1024
30	1024
298	1024
742	1024
313	1024
143	1024
510	1024
825	1024
835	1024
234	1024
56	1024
670	1024
326	1024
863	1024
55	1024
1016	1024
176	1024
649	1024
603	1024
1014	1024
333	1024
964	1024
641	1024
391	1024
757	1024
1001	1024
867	1024
267	1024
353	1024
109	1024
57	1024
981	1024
139	1024
355	1024
698	1024
451	1024
497	1024
184	1024
251	1024
308	1024
417	1024
307	1024
977	1024
742	1024
145	1024
7	1024
734	1024
320	1024
656	1024
312	1024
309	1024
988	1024
251	1024
949	1024
354	1024
1007	1024
925	1024
196	1024
249	1024
253	1024
305	1024
306	1024
209	1024
443	1024
660	1024
907	1024
893	1024
132	1024
66	1024
119	1024
439	1024
482	1024
425	1024
391	1024
200	1024
569	1024
398	1024
933	1024
888	1024
29	1024
220	1024
172	1024
1016	1024
470	1024
96	1024
345	1024
453	1024
1021	1024
540	1024
701	1024
249	1024
844	1024
1006	1024
458	1024
262	1024
641	1024
340	1024
130	1024
773	1024
405	1024
249	1024
187	1024
886	1024
673	1024
578	1024
61	1024
218	1024
975	1024
993	1024
81	1024
1003	1024
188	1024
253	1024
994	1024
658	1024
348	1024
314	1024
86	1024
344	1024
853	1024
786	1024
593	1024
673	1024
768	1024
26	1024
934	1024
384	1024
365	1024
40	1024
132	1024
769	1024
288	1024
319	1024
630	1024
960	1024
896	1024
691	1024
153	1024
846	1024
659	1024
234	1024
824	1024
847	1024
486	1024
793	1024
480	1024
833	1024
82	1024
565	1024
153	1024
934	1024
326	1024
745	1024
582	1024
69	1024
770	1024
492	1024
453	1024
110	1024
531	1024
584	1024
878	1024
818	1024
902	1024
483	1024
753	1024
773	1024
149	1024
906	1024
594	1024
808	1024
115	1024
393	1024
630	1024
600	1024
161	1024
85	1024
408	1024
242	1024
649	1024
560	1024
152	1024
974	1024
280	1024
733	1024
19	1024
25	1024
200	1024
471	1024
134	1024
730	1024
30	1024
1011	1024
523	1024
932	1024
470	1024
252	1024
680	1024
618	1024
133	1024
250	1024
401	1024
247	1024
642	1024
6	1024
846	1024
803	1024
90	1024
229	1024
20	1024
738	1024
789	1024
171	1024
688	1024
44	1024
904	1024
706	1024
69	1024
79	1024
152	1024
202	1024
809	1024
181	1024
189	1024
307	1024
88	1024
658	1024
558	1024
768	1024
251	1024
690	1024
1017	1024
652	1024
936	1024
634	1024
657	1024
757	1024
412	1024
747	1024
986	1024
432	1024
460	1024
750	1024
602	1024
123	1024
793	1024
481	1024
828	1024
861	1024
560	1024
979	1024
39	1024
344	1024
136	1024
227	1024
650	1024
223	1024
884	1024
184	1024
990	1024
110	1024
873	1024
982	1024
761	1024
785	1024
592	1024
394	1024
517	1024
1003	1024
116	1024
478	1024
410	1024
575	1024
203	1024
1012	1024
698	1024
996	1024
468	1024
501	1024
832	1024
3	1024
456	1024
870	1024
346	1024
591	1024
72	1024
996	1024
813	1024
955	1024
155	1024
779	1024
41	1024
3	1024
736	1024
801	1024
787	1024
303	1024
170	1024
280	1024
282	1024
285	1024
757	1024
691	1024
860	1024
960	1024
678	1024
533	1024
931	1024
122	1024
9	1024
738	1024
124	1024
464	1024
584	1024
470	1024
30	1024
655	1024
441	1024
843	1024
586	1024
595	1024
597	1024
626	1024
597	1024
308	1024
402	1024
360	1024
611	1024
572	1024
639	1024
892	1024
856	1024
371	1024
558	1024
691	1024
306	1024
212	1024
199	1024
212	1024
333	1024
208	1024
950	1024
456	1024
671	1024
509	1024
925	1024
701	1024
139	1024
341	1024
519	1024
724	1024
935	1024
91	1024
325	1024
508	1024
398	1024
727	1024
867	1024
1008	1024
274	1024
481	1024
875	1024
105	1024
851	1024
409	1024
796	1024
133	1024
620	1024
994	1024
344	1024
952	1024
177	1024
269	1024
383	1024
848	1024
777	1024
284	1024
524	1024
916	1024
624	1024
18	1024
615	1024
535	1024
108	1024
940	1024
18	1024
505	1024
642	1024
884	1024
489	1024
915	1024
340	1024
339	1024
1019	1024
166	1024
747	1024
790	1024
298	1024
342	1024
760	1024
642	1024
269	1024
936	1024
910	1024
652	1024
759	1024
663	1024
935	1024
258	1024
554	1024
534	1024
275	1024
144	1024
44	1024
382	1024
59	1024
61	1024
887	1024
700	1024
944	1024
351	1024
590	1024
259	1024
689	1024
585	1024
425	1024
412	1024
350	1024
722	1024
753	1024
85	1024
339	1024
1022	1024
1021	1024
225	1024
649	1024
755	1024
887	1024
559	1024
1013	1024
416	1024
68	1024
263	1024
559	1024
112	1024
645	1024
618	1024
172	1024
507	1024
293	1024
92	1024
857	1024
883	1024
350	1024
521	1024
443	1024
774	1024
932	1024
792	1024
472	1024
661	1024
877	1024
810	1024
658	1024
873	1024
10	1024
282	1024
603	1024
896	1024
840	1024
591	1024
287	1024
907	1024
854	1024
846	1024
1018	1024
474	1024
439	1024
166	1024
980	1024
731	1024
257	1024
812	1024
589	1024
606	1024
308	1024
7	1024
356	1024
216	1024
799	1024
827	1024
876	1024
651	1024
612	1024
509	1024
499	1024
622	1024
790	1024
77	1024
493	1024
605	1024
668	1024
780	1024
487	1024
497	1024
601	1024
481	1024
970	1024
15	1024
646	1024
925	1024
745	1024
902	1024
712	1024
310	1024
483	1024
1019	1024
316	1024
838	1024
210	1024
90	1024
640	1024
61	1024
740	1024
228	1024
569	1024
214	1024
849	1024
334	1024
291	1024
317	1024
938	1024
958	1024
72	1024
401	1024
430	1024
672	1024
881	1024
375	1024
686	1024
502	1024
275	1024
407	1024
379	1024
986	1024
716	1024
861	1024
980	1024
7	1024
675	1024
166	1024
97	1024
290	1024
226	1024
836	1024
517	1024
795	1024
26	1024
341	1024
104	1024
316	1024
658	1024
18	1024
249	1024
729	1024
418	1024
678	1024
377	1024
274	1024
28	1024
38	1024
775	1024
302	1024
444	1024
129	1024
263	1024
135	1024
989	1024
218	1024
142	1024
639	1024
383	1024
238	1024
929	1024
609	1024
49	1024
421	1024
379	1024
74	1024
762	1024
482	1024
389	1024
395	1024
499	1024
637	1024
99	1024
916	1024
290	1024
475	1024
165	1024
317	1024
513	1024
939	1024
618	1024
956	1024
43	1024
880	1024
67	1024
8	1024
74	1024
208	1024
646	1024
456	1024
445	1024
550	1024
40	1024
493	1024
971	1024
418	1024
567	1024
708	1024
900	1024
955	1024
78	1024
374	1024
568	1024
176	1024
266	1024
857	1024
651	1024
430	1024
150	1024
139	1024
345	1024
767	1024
70	1024
387	1024
623	1024
136	1024
394	1024
696	1024
343	1024
16	1024
127	1024
787	1024
565	1024
167	1024
256	1024
511	1024
584	1024
822	1024
194	1024
459	1024
752	1024
271	1024
833	1024
295	1024
447	1024
74	1024
128	1024
73	1024
503	1024
277	1024
211	1024
847	1024
19	1024
280	1024
210	1024
641	1024
416	1024
603	1024
312	1024
758	1024
618	1024
439	1024
521	1024
159	1024
605	1024
776	1024
669	1024
164	1024
573	1024
863	1024
623	1024
300	1024
109	1024
431	1024
595	1024
555	1024
504	1024
722	1024
627	1024
1006	1024
998	1024
837	1024
829	1024
1016	1024
93	1024
14	1024
633	1024
508	1024
616	1024
944	1024
241	1024
210	1024
358	1024
761	1024
368	1024
962	1024
512	1024
12	1024
102	1024
60	1024
874	1024
724	1024
360	1024
983	1024
130	1024
954	1024
513	1024
633	1024
651	1024
116	1024
614	1024
624	1024
952	1024
418	1024
615	1024
20	1024
431	1024
223	1024
527	1024
23	1024
143	1024
768	1024
232	1024
500	1024
504	1024
599	1024
438	1024
1016	1024
610	1024
539	1024
51	1024
460	1024
238	1024
410	1024
418	1024
367	1024
339	1024
930	1024
999	1024
989	1024
21	1024
588	1024
588	1024
973	1024
1006	1024
179	1024
992	1024
412	1024
401	1024
495	1024
434	1024
543	1024
238	1024
665	1024
19	1024
741	1024
239	1024
456	1024
732	1024
849	1024
994	1024
783	1024
284	1024
207	1024
168	1024
701	1024
573	1024
507	1024
606	1024
547	1024
