9941	1024
2427	1024
1520	1024
2612	1024
2432	1024
8102	1024
4806	1024
8520	1024
1439	1024
5422	1024
5018	1024
6821	1024
2261	1024
9482	1024
8689	1024
7976	1024
6691	1024
4534	1024
3337	1024
9157	1024
5244	1024
5095	1024
1736	1024
8426	1024
983	1024
6389	1024
6546	1024
3753	1024
9908	1024
2340	1024
3776	1024
6200	1024
1118	1024
5296	1024
8812	1024
9901	1024
3397	1024
3617	1024
8420	1024
1187	1024
5390	1024
3437	1024
8007	1024
7650	1024
9270	1024
3048	1024
5626	1024
2313	1024
7581	1024
5314	1024
1469	1024
9176	1024
408	1024
9556	1024
3953	1024
1390	1024
5944	1024
499	1024
1494	1024
2203	1024
9190	1024
5270	1024
8403	1024
6659	1024
565	1024
3566	1024
6559	1024
313	1024
7182	1024
1330	1024
7852	1024
8923	1024
1118	1024
2210	1024
6573	1024
6739	1024
1609	1024
8550	1024
9051	1024
5542	1024
3863	1024
6871	1024
1069	1024
623	1024
6427	1024
5022	1024
8364	1024
8722	1024
1872	1024
9858	1024
7277	1024
7413	1024
1479	1024
2031	1024
4071	1024
2043	1024
5596	1024
6981	1024
8707	1024
9129	1024
4662	1024
2910	1024
8051	1024
5779	1024
5120	1024
4623	1024
2517	1024
6728	1024
9524	1024
7920	1024
8621	1024
3387	1024
4790	1024
9690	1024
361	1024
7568	1024
4711	1024
8724	1024
6290	1024
2934	1024
4933	1024
9918	1024
6698	1024
6411	1024
1948	1024
7120	1024
8453	1024
3895	1024
4100	1024
3512	1024
3023	1024
5113	1024
6421	1024
1073	1024
7243	1024
1540	1024
2048	1024
6111	1024
4620	1024
1571	1024
4030	1024
3240	1024
1309	1024
8820	1024
9281	1024
1669	1024
2739	1024
343	1024
6745	1024
5380	1024
3276	1024
1677	1024
5297	1024
9973	1024
8088	1024
3596	1024
3444	1024
2892	1024
7490	1024
3895	1024
6403	1024
512	1024
9007	1024
9176	1024
7937	1024
6249	1024
7067	1024
6336	1024
2360	1024
1686	1024
4258	1024
6389	1024
1278	1024
1919	1024
1560	1024
558	1024
9939	1024
651	1024
901	1024
6683	1024
6030	1024
528	1024
8360	1024
7679	1024
6853	1024
6447	1024
1274	1024
296	1024
5690	1024
5116	1024
4191	1024
2093	1024
1979	1024
9549	1024
1268	1024
6267	1024
5798	1024
4686	1024
2602	1024
8157	1024
6372	1024
3212	1024
897	1024
4001	1024
5130	1024
8809	1024
910	1024
5068	1024
9459	1024
8162	1024
8103	1024
1840	1024
8690	1024
6462	1024
9518	1024
1894	1024
9260	1024
7144	1024
2189	1024
4949	1024
2259	1024
2731	1024
3393	1024
4237	1024
2280	1024
1012	1024
504	1024
8077	1024
5698	1024
9457	1024
2585	1024
8421	1024
2668	1024
9833	1024
8773	1024
4149	1024
8641	1024
9682	1024
5569	1024
4451	1024
7844	1024
3671	1024
6291	1024
2885	1024
132	1024
5808	1024
4778	1024
5743	1024
2951	1024
3318	1024
7043	1024
1561	1024
6049	1024
436	1024
2150	1024
8328	1024
7799	1024
2653	1024
2756	1024
9848	1024
8461	1024
1692	1024
8268	1024
7481	1024
1524	1024
3392	1024
1629	1024
6517	1024
3074	1024
7197	1024
967	1024
7269	1024
7219	1024
7257	1024
153	1024
7350	1024
3065	1024
4930	1024
9444	1024
2367	1024
4599	1024
6487	1024
3928	1024
647	1024
3274	1024
6077	1024
5326	1024
7424	1024
5081	1024
4433	1024
7272	1024
9893	1024
6124	1024
1891	1024
7373	1024
4000	1024
5283	1024
5354	1024
516	1024
8356	1024
8902	1024
7834	1024
1976	1024
6121	1024
5091	1024
8480	1024
3470	1024
4507	1024
9761	1024
9266	1024
6873	1024
4359	1024
2104	1024
7152	1024
5006	1024
5377	1024
9580	1024
331	1024
2800	1024
1012	1024
1116	1024
71	1024
905	1024
7239	1024
8314	1024
8277	1024
7590	1024
3596	1024
3630	1024
8105	1024
8303	1024
2532	1024
5939	1024
278	1024
5004	1024
7381	1024
8757	1024
8473	1024
1887	1024
8517	1024
4090	1024
5111	1024
2875	1024
6193	1024
8615	1024
4232	1024
1569	1024
8194	1024
915	1024
721	1024
9206	1024
2030	1024
7143	1024
6462	1024
9268	1024
5456	1024
4738	1024
6858	1024
9051	1024
4720	1024
1314	1024
3705	1024
3603	1024
3604	1024
3982	1024
8606	1024
984	1024
9090	1024
3430	1024
9222	1024
3958	1024
3872	1024
4333	1024
6833	1024
64	1024
9299	1024
7416	1024
7985	1024
7492	1024
8330	1024
5057	1024
3049	1024
359	1024
2199	1024
5862	1024
5979	1024
4007	1024
6952	1024
9188	1024
9409	1024
1671	1024
501	1024
3114	1024
1625	1024
457	1024
3447	1024
6582	1024
1440	1024
8889	1024
6363	1024
662	1024
2846	1024
234	1024
1346	1024
6030	1024
298	1024
644	1024
3446	1024
4634	1024
4487	1024
1775	1024
9690	1024
3888	1024
8486	1024
8240	1024
9749	1024
4464	1024
2246	1024
6700	1024
3	1024
8007	1024
4722	1024
503	1024
7472	1024
2698	1024
7311	1024
918	1024
9279	1024
8751	1024
9806	1024
5642	1024
5764	1024
9004	1024
2227	1024
3461	1024
5033	1024
8876	1024
4104	1024
4830	1024
3509	1024
4942	1024
2957	1024
9550	1024
8829	1024
1442	1024
7790	1024
8578	1024
2257	1024
6387	1024
1629	1024
2259	1024
4393	1024
6351	1024
9113	1024
1864	1024
9048	1024
6424	1024
9134	1024
4679	1024
1526	1024
8939	1024
320	1024
3641	1024
4294	1024
8898	1024
7101	1024
5679	1024
7774	1024
7556	1024
508	1024
7634	1024
2497	1024
3464	1024
7184	1024
1326	1024
1257	1024
4973	1024
6255	1024
3513	1024
1359	1024
7883	1024
2123	1024
2104	1024
585	1024
7588	1024
3967	1024
9633	1024
4011	1024
3100	1024
4311	1024
1888	1024
8391	1024
982	1024
5528	1024
2684	1024
6231	1024
8980	1024
8362	1024
4004	1024
6535	1024
5222	1024
1638	1024
9031	1024
8685	1024
5173	1024
6708	1024
6294	1024
145	1024
9314	1024
9806	1024
7855	1024
3549	1024
8281	1024
9958	1024
4133	1024
5868	1024
3925	1024
117	1024
6230	1024
3376	1024
779	1024
4469	1024
1766	1024
8112	1024
6348	1024
802	1024
695	1024
5327	1024
5515	1024
4698	1024
1861	1024
736	1024
2687	1024
7243	1024
5773	1024
4211	1024
303	1024
2066	1024
4355	1024
5968	1024
8223	1024
8562	1024
9516	1024
6503	1024
8519	1024
1	1024
8722	1024
8795	1024
6469	1024
4951	1024
8523	1024
3600	1024
5771	1024
6640	1024
1711	1024
2118	1024
7441	1024
2405	1024
7444	1024
9308	1024
3455	1024
5656	1024
43	1024
2493	1024
9251	1024
5815	1024
6704	1024
9553	1024
4232	1024
7410	1024
5520	1024
2455	1024
2323	1024
1388	1024
5309	1024
842	1024
1388	1024
4031	1024
5988	1024
4208	1024
5333	1024
862	1024
7807	1024
1104	1024
7502	1024
5870	1024
3221	1024
1294	1024
4626	1024
665	1024
601	1024
4432	1024
2672	1024
6996	1024
6925	1024
1922	1024
9162	1024
9980	1024
7826	1024
3394	1024
3741	1024
9698	1024
2200	1024
6064	1024
1085	1024
7508	1024
3257	1024
8824	1024
1538	1024
9244	1024
3031	1024
6871	1024
6458	1024
7190	1024
4326	1024
3959	1024
3059	1024
7546	1024
1604	1024
4036	1024
4562	1024
2205	1024
8468	1024
3586	1024
5552	1024
1744	1024
5507	1024
1065	1024
1723	1024
3333	1024
4458	1024
1815	1024
9382	1024
6657	1024
7878	1024
466	1024
517	1024
1134	1024
5641	1024
2054	1024
6730	1024
5023	1024
5276	1024
3187	1024
2212	1024
5953	1024
3497	1024
1622	1024
3499	1024
5100	1024
5658	1024
4412	1024
3656	1024
4125	1024
7997	1024
9207	1024
5868	1024
9856	1024
272	1024
3942	1024
9540	1024
1081	1024
5756	1024
8921	1024
4090	1024
3634	1024
5738	1024
4606	1024
1119	1024
1378	1024
3011	1024
7848	1024
6400	1024
4639	1024
7386	1024
4964	1024
591	1024
882	1024
6585	1024
441	1024
2334	1024
2242	1024
4853	1024
5989	1024
6366	1024
9201	1024
5196	1024
8585	1024
9056	1024
1819	1024
2526	1024
8595	1024
2899	1024
4634	1024
3867	1024
3340	1024
4619	1024
9604	1024
7945	1024
5737	1024
981	1024
7308	1024
9937	1024
3733	1024
1946	1024
7322	1024
8696	1024
2536	1024
4556	1024
5280	1024
9329	1024
6889	1024
3874	1024
4181	1024
2877	1024
6591	1024
9733	1024
4424	1024
5176	1024
8789	1024
6242	1024
4053	1024
3735	1024
5493	1024
8686	1024
7602	1024
8832	1024
3304	1024
7205	1024
3129	1024
5393	1024
4538	1024
436	1024
5329	1024
8270	1024
8733	1024
9002	1024
6965	1024
7620	1024
9909	1024
2244	1024
6948	1024
6797	1024
2469	1024
1128	1024
6026	1024
9060	1024
861	1024
449	1024
4235	1024
6001	1024
3043	1024
4639	1024
9735	1024
8535	1024
3325	1024
3688	1024
3718	1024
2980	1024
893	1024
6846	1024
8372	1024
5430	1024
7281	1024
3700	1024
3699	1024
6013	1024
9054	1024
7015	1024
3633	1024
8962	1024
5610	1024
580	1024
2111	1024
8079	1024
8060	1024
8136	1024
7138	1024
5272	1024
4936	1024
1372	1024
7624	1024
7978	1024
6010	1024
7358	1024
2864	1024
5686	1024
7398	1024
6582	1024
5018	1024
8290	1024
9779	1024
3389	1024
71	1024
7060	1024
3441	1024
3769	1024
9424	1024
2494	1024
7135	1024
3056	1024
7807	1024
2744	1024
9988	1024
9917	1024
822	1024
4399	1024
8052	1024
7959	1024
6022	1024
9340	1024
5682	1024
3645	1024
7317	1024
8044	1024
7354	1024
6533	1024
81	1024
4751	1024
9466	1024
5098	1024
3040	1024
9244	1024
8487	1024
9462	1024
2655	1024
8279	1024
3230	1024
2079	1024
7124	1024
6716	1024
1486	1024
4930	1024
9460	1024
7825	1024
4847	1024
6633	1024
2223	1024
9250	1024
4592	1024
8244	1024
8589	1024
6625	1024
8240	1024
2258	1024
1020	1024
5594	1024
5142	1024
1101	1024
344	1024
4607	1024
6198	1024
9736	1024
202	1024
1036	1024
9197	1024
2857	1024
5666	1024
8779	1024
4935	1024
2789	1024
5494	1024
2772	1024
4071	1024
1305	1024
597	1024
8917	1024
7938	1024
9171	1024
4518	1024
8881	1024
7415	1024
9459	1024
5505	1024
2006	1024
1716	1024
2877	1024
7599	1024
3209	1024
3977	1024
4295	1024
7815	1024
6526	1024
382	1024
4368	1024
7562	1024
9578	1024
7224	1024
3227	1024
4708	1024
8510	1024
2368	1024
6554	1024
1282	1024
6438	1024
7858	1024
1878	1024
1706	1024
5795	1024
1048	1024
6223	1024
1027	1024
4814	1024
5681	1024
6532	1024
3172	1024
3748	1024
5760	1024
770	1024
3308	1024
9736	1024
1416	1024
1122	1024
2613	1024
1797	1024
5490	1024
174	1024
7727	1024
9065	1024
9753	1024
2434	1024
7575	1024
8472	1024
5339	1024
8856	1024
4909	1024
3197	1024
7085	1024
6614	1024
5343	1024
4484	1024
9188	1024
6370	1024
5650	1024
1221	1024
9253	1024
8821	1024
1320	1024
5012	1024
5942	1024
4628	1024
1099	1024
7358	1024
2101	1024
3711	1024
5506	1024
3942	1024
237	1024
3232	1024
3007	1024
6341	1024
2018	1024
581	1024
4812	1024
7356	1024
5788	1024
9720	1024
552	1024
9224	1024
2685	1024
2247	1024
3707	1024
8224	1024
8616	1024
5708	1024
9444	1024
4220	1024
880	1024
7116	1024
9231	1024
6822	1024
1743	1024
329	1024
531	1024
3843	1024
391	1024
6036	1024
4137	1024
627	1024
5620	1024
7143	1024
6967	1024
7637	1024
4075	1024
1778	1024
4992	1024
6214	1024
7849	1024
1896	1024
5437	1024
6885	1024
4142	1024
5495	1024
5109	1024
9109	1024
1203	1024
904	1024
3328	1024
2082	1024
8019	1024
8910	1024
5255	1024
9761	1024
5590	1024
5785	1024
9956	1024
5980	1024
8173	1024
444	1024
6607	1024
3792	1024
7586	1024
9925	1024
1428	1024
8012	1024
8055	1024
2771	1024
577	1024
2255	1024
4666	1024
6013	1024
9140	1024
5159	1024
7859	1024
600	1024
4267	1024
9061	1024
1503	1024
3946	1024
7495	1024
9522	1024
2855	1024
9101	1024
5634	1024
8444	1024
1238	1024
1941	1024
4424	1024
9410	1024
2384	1024
7382	1024
3201	1024
6321	1024
7306	1024
980	1024
684	1024
1712	1024
3750	1024
1260	1024
3967	1024
4768	1024
3624	1024
3106	1024
9926	1024
1483	1024
57	1024
545	1024
6895	1024
1559	1024
4490	1024
741	1024
7432	1024
7345	1024
9842	1024
9418	1024
2140	1024
1079	1024
1358	1024
6563	1024
6840	1024
94	1024
296	1024
6392	1024
2766	1024
3954	1024
7371	1024
3450	1024
5665	1024
7472	1024
1061	1024
5983	1024
8591	1024
4685	1024
5440	1024
8517	1024
6167	1024
5496	1024
5413	1024
3061	1024
7055	1024
9902	1024
154	1024
838	1024
3598	1024
9995	1024
255	1024
2090	1024
7425	1024
1613	1024
5004	1024
4264	1024
8058	1024
5300	1024
7007	1024
7175	1024
9253	1024
729	1024
624	1024
1269	1024
8200	1024
8037	1024
7252	1024
6791	1024
2721	1024
2691	1024
1659	1024
5239	1024
8187	1024
7071	1024
4651	1024
1593	1024
3324	1024
4804	1024
2430	1024
3274	1024
1150	1024
2685	1024
5363	1024
8574	1024
649	1024
366	1024
9189	1024
5058	1024
2017	1024
6195	1024
2232	1024
1269	1024
6923	1024
9208	1024
8890	1024
1475	1024
7244	1024
6141	1024
4617	1024
6316	1024
5183	1024
6275	1024
1554	1024
9721	1024
9697	1024
2556	1024
7665	1024
9372	1024
7360	1024
95	1024
8997	1024
8509	1024
9131	1024
4359	1024
3435	1024
6131	1024
1077	1024
2623	1024
1188	1024
3093	1024
5170	1024
9771	1024
714	1024
2092	1024
8978	1024
9603	1024
9918	1024
2573	1024
2095	1024
4534	1024
5240	1024
3629	1024
7160	1024
6793	1024
3350	1024
6856	1024
5701	1024
1014	1024
2580	1024
3060	1024
7460	1024
1576	1024
7920	1024
2942	1024
5935	1024
1354	1024
9072	1024
3363	1024
329	1024
6611	1024
6455	1024
5498	1024
6382	1024
3520	1024
3941	1024
1711	1024
9474	1024
3859	1024
636	1024
7920	1024
4744	1024
5875	1024
1549	1024
1904	1024
9020	1024
1250	1024
5111	1024
4720	1024
8615	1024
7690	1024
4131	1024
6075	1024
9266	1024
8402	1024
9016	1024
1552	1024
6108	1024
4440	1024
4914	1024
6436	1024
7402	1024
7720	1024
8285	1024
3783	1024
7592	1024
2225	1024
1846	1024
7065	1024
2435	1024
8833	1024
1337	1024
3531	1024
4707	1024
2885	1024
5434	1024
78	1024
4134	1024
544	1024
4797	1024
9100	1024
8234	1024
5279	1024
5174	1024
3851	1024
3681	1024
542	1024
1754	1024
9788	1024
1333	1024
3019	1024
2575	1024
8734	1024
7090	1024
859	1024
8869	1024
4681	1024
9435	1024
714	1024
8098	1024
8222	1024
9546	1024
9434	1024
1752	1024
604	1024
8670	1024
7185	1024
682	1024
2803	1024
4080	1024
1830	1024
1902	1024
8665	1024
3461	1024
3428	1024
2515	1024
3493	1024
321	1024
4268	1024
3280	1024
1653	1024
3638	1024
2206	1024
386	1024
728	1024
3064	1024
9254	1024
5408	1024
2498	1024
6319	1024
9857	1024
7071	1024
2216	1024
9290	1024
8822	1024
9172	1024
7959	1024
6006	1024
9853	1024
7113	1024
6438	1024
8034	1024
5367	1024
5102	1024
7846	1024
5146	1024
3969	1024
1338	1024
5466	1024
4588	1024
969	1024
7118	1024
8226	1024
3174	1024
3855	1024
8953	1024
6237	1024
3109	1024
4360	1024
5087	1024
5779	1024
4217	1024
2157	1024
7995	1024
9858	1024
979	1024
7166	1024
7817	1024
3336	1024
3370	1024
1281	1024
6125	1024
7755	1024
6647	1024
1227	1024
5601	1024
1792	1024
5195	1024
6938	1024
7257	1024
6134	1024
7907	1024
726	1024
4359	1024
1080	1024
4581	1024
3311	1024
3669	1024
4041	1024
4023	1024
8755	1024
9819	1024
4591	1024
7263	1024
4165	1024
4448	1024
4593	1024
1330	1024
8616	1024
7929	1024
4699	1024
6249	1024
405	1024
8806	1024
2895	1024
1631	1024
4406	1024
1039	1024
3177	1024
1343	1024
4647	1024
9311	1024
5601	1024
1725	1024
3669	1024
6681	1024
2657	1024
3332	1024
349	1024
6697	1024
3706	1024
5455	1024
2867	1024
8296	1024
2717	1024
7032	1024
9095	1024
7310	1024
8361	1024
4063	1024
1590	1024
9412	1024
311	1024
1994	1024
4569	1024
9557	1024
9977	1024
8974	1024
6947	1024
3153	1024
6668	1024
1594	1024
8815	1024
2269	1024
9670	1024
8836	1024
8949	1024
2326	1024
8519	1024
5649	1024
9022	1024
2224	1024
1103	1024
8240	1024
6871	1024
171	1024
5271	1024
5965	1024
7480	1024
9984	1024
6379	1024
5421	1024
5747	1024
3041	1024
3767	1024
315	1024
2598	1024
3743	1024
9288	1024
5896	1024
3247	1024
5955	1024
3841	1024
8414	1024
8223	1024
3510	1024
7249	1024
3523	1024
5835	1024
5767	1024
5523	1024
1208	1024
4342	1024
6625	1024
9448	1024
1212	1024
6796	1024
4718	1024
3528	1024
627	1024
1053	1024
9907	1024
2400	1024
6799	1024
2947	1024
6166	1024
3465	1024
1896	1024
6260	1024
9104	1024
7792	1024
9506	1024
1411	1024
1632	1024
7919	1024
9633	1024
5142	1024
1519	1024
9508	1024
7328	1024
3637	1024
5030	1024
8536	1024
7978	1024
8007	1024
7983	1024
9189	1024
1154	1024
9052	1024
2717	1024
8132	1024
6457	1024
8975	1024
531	1024
9607	1024
1921	1024
3048	1024
3072	1024
169	1024
9307	1024
2175	1024
7960	1024
5165	1024
9937	1024
5943	1024
9435	1024
5922	1024
7436	1024
954	1024
5429	1024
4764	1024
942	1024
6810	1024
9651	1024
8920	1024
4816	1024
7633	1024
4460	1024
2321	1024
3036	1024
3528	1024
453	1024
5844	1024
2502	1024
7335	1024
5451	1024
775	1024
383	1024
4874	1024
943	1024
6041	1024
3400	1024
5254	1024
1205	1024
3337	1024
1196	1024
6992	1024
9258	1024
4984	1024
4297	1024
1038	1024
9747	1024
5238	1024
7847	1024
9397	1024
4157	1024
9015	1024
3381	1024
8617	1024
7687	1024
2768	1024
2144	1024
8139	1024
4964	1024
998	1024
1826	1024
414	1024
1772	1024
8560	1024
1639	1024
2714	1024
4600	1024
5038	1024
4319	1024
2157	1024
4726	1024
5514	1024
9148	1024
3983	1024
6849	1024
3444	1024
1372	1024
6595	1024
5033	1024
9219	1024
2343	1024
9190	1024
4585	1024
2075	1024
4158	1024
2271	1024
4843	1024
2653	1024
6762	1024
9806	1024
3650	1024
8587	1024
6571	1024
1773	1024
3498	1024
8209	1024
4486	1024
4449	1024
9598	1024
5156	1024
6605	1024
676	1024
7022	1024
2104	1024
1010	1024
3870	1024
1899	1024
2382	1024
465	1024
6932	1024
7952	1024
9159	1024
2473	1024
2536	1024
1234	1024
6630	1024
1158	1024
2428	1024
5634	1024
4271	1024
8585	1024
5636	1024
9209	1024
1507	1024
7408	1024
2706	1024
9715	1024
8246	1024
7155	1024
5664	1024
3401	1024
111	1024
2691	1024
422	1024
2215	1024
3701	1024
4292	1024
465	1024
6082	1024
1108	1024
3748	1024
385	1024
266	1024
6220	1024
9272	1024
7851	1024
9201	1024
429	1024
278	1024
1187	1024
1052	1024
5214	1024
6822	1024
260	1024
6720	1024
4229	1024
2966	1024
2786	1024
2474	1024
120	1024
4802	1024
5875	1024
230	1024
7492	1024
6296	1024
8796	1024
1192	1024
6939	1024
9261	1024
3625	1024
8046	1024
9360	1024
4009	1024
4664	1024
5580	1024
9632	1024
2514	1024
1132	1024
6413	1024
9144	1024
2318	1024
7464	1024
4357	1024
9139	1024
7723	1024
1077	1024
9720	1024
688	1024
214	1024
2193	1024
7159	1024
5015	1024
4419	1024
3741	1024
2507	1024
7067	1024
2536	1024
50	1024
4005	1024
8148	1024
3675	1024
8403	1024
7508	1024
4035	1024
3066	1024
9439	1024
3667	1024
5579	1024
570	1024
79	1024
1074	1024
9240	1024
3894	1024
1783	1024
8378	1024
1616	1024
2859	1024
4449	1024
8656	1024
9424	1024
6642	1024
5814	1024
4439	1024
7412	1024
9554	1024
6945	1024
4478	1024
8442	1024
3346	1024
4835	1024
2941	1024
7020	1024
3237	1024
448	1024
7407	1024
6302	1024
6238	1024
1073	1024
8232	1024
6808	1024
7503	1024
5658	1024
6047	1024
1396	1024
7440	1024
776	1024
9363	1024
6650	1024
5225	1024
8018	1024
6073	1024
8218	1024
184	1024
511	1024
1981	1024
6089	1024
3807	1024
6459	1024
882	1024
7153	1024
7645	1024
3823	1024
524	1024
7233	1024
4270	1024
7930	1024
9886	1024
508	1024
5354	1024
8117	1024
3667	1024
2856	1024
126	1024
6065	1024
603	1024
7565	1024
3192	1024
6318	1024
4214	1024
4768	1024
687	1024
287	1024
2985	1024
870	1024
7149	1024
1318	1024
3311	1024
956	1024
7776	1024
4192	1024
4460	1024
1772	1024
8014	1024
4983	1024
9004	1024
2284	1024
9265	1024
8889	1024
9143	1024
4618	1024
3357	1024
9161	1024
3826	1024
3483	1024
5225	1024
780	1024
7399	1024
4768	1024
7097	1024
1613	1024
9536	1024
7784	1024
8251	1024
8872	1024
5005	1024
5399	1024
189	1024
8315	1024
2706	1024
4316	1024
2507	1024
3517	1024
6087	1024
520	1024
8500	1024
1442	1024
9155	1024
4116	1024
6682	1024
4649	1024
8733	1024
39	1024
3809	1024
2558	1024
9873	1024
5385	1024
9690	1024
7271	1024
6505	1024
6786	1024
5235	1024
6040	1024
921	1024
3485	1024
4911	1024
5926	1024
5236	1024
1452	1024
4240	1024
7941	1024
5767	1024
3098	1024
1458	1024
8206	1024
9970	1024
6309	1024
9647	1024
5476	1024
424	1024
6329	1024
125	1024
5508	1024
2719	1024
285	1024
4418	1024
8943	1024
2022	1024
4107	1024
2565	1024
8526	1024
892	1024
7800	1024
4565	1024
1813	1024
7636	1024
5827	1024
4090	1024
2871	1024
3630	1024
8329	1024
7164	1024
9397	1024
7779	1024
4973	1024
7602	1024
7748	1024
7633	1024
3600	1024
3223	1024
8056	1024
6280	1024
3347	1024
9915	1024
5350	1024
9984	1024
4332	1024
644	1024
2005	1024
8438	1024
3209	1024
6882	1024
9330	1024
7360	1024
7798	1024
7494	1024
4995	1024
9976	1024
1583	1024
4218	1024
3606	1024
6263	1024
1381	1024
3002	1024
4041	1024
2705	1024
6955	1024
8140	1024
337	1024
6906	1024
1363	1024
8392	1024
9538	1024
1061	1024
8306	1024
1239	1024
1044	1024
8990	1024
1883	1024
9400	1024
7427	1024
5091	1024
6281	1024
3108	1024
8802	1024
430	1024
6953	1024
3796	1024
406	1024
4887	1024
4365	1024
4011	1024
1150	1024
2097	1024
3364	1024
1542	1024
4801	1024
6670	1024
9682	1024
5137	1024
9927	1024
7396	1024
9880	1024
5816	1024
8456	1024
4538	1024
7055	1024
5852	1024
3527	1024
8937	1024
5251	1024
953	1024
379	1024
7884	1024
4061	1024
9180	1024
8313	1024
7365	1024
9327	1024
5070	1024
2252	1024
3692	1024
5432	1024
3401	1024
5788	1024
5147	1024
1294	1024
6941	1024
8168	1024
7327	1024
2077	1024
8095	1024
4722	1024
8309	1024
3910	1024
3178	1024
2846	1024
7316	1024
5381	1024
6372	1024
6252	1024
631	1024
3676	1024
6630	1024
4866	1024
4088	1024
5809	1024
9531	1024
1453	1024
1488	1024
4600	1024
3704	1024
5179	1024
32	1024
3456	1024
7318	1024
1530	1024
1101	1024
610	1024
9698	1024
8428	1024
2687	1024
4144	1024
9501	1024
7347	1024
4405	1024
9030	1024
192	1024
1721	1024
4410	1024
2915	1024
7972	1024
5041	1024
6590	1024
954	1024
6258	1024
678	1024
6762	1024
5788	1024
2130	1024
8249	1024
388	1024
2185	1024
9779	1024
6771	1024
5640	1024
3449	1024
8300	1024
3092	1024
4058	1024
4349	1024
1519	1024
3096	1024
8492	1024
7372	1024
442	1024
2897	1024
6401	1024
6985	1024
4617	1024
811	1024
9899	1024
8940	1024
2203	1024
6489	1024
9893	1024
8460	1024
3518	1024
3007	1024
4248	1024
1999	1024
7607	1024
987	1024
4183	1024
3738	1024
7757	1024
6174	1024
7186	1024
2408	1024
9265	1024
7595	1024
6757	1024
7136	1024
691	1024
5248	1024
4507	1024
7484	1024
4496	1024
7259	1024
4469	1024
5464	1024
4421	1024
4367	1024
4404	1024
6623	1024
7207	1024
648	1024
1435	1024
724	1024
6	1024
2034	1024
2722	1024
7613	1024
3020	1024
6904	1024
1350	1024
7128	1024
9429	1024
4887	1024
9535	1024
5046	1024
2481	1024
2643	1024
2181	1024
9523	1024
4243	1024
3039	1024
7007	1024
8738	1024
297	1024
7827	1024
554	1024
4718	1024
2193	1024
1309	1024
7692	1024
5752	1024
1956	1024
9126	1024
6475	1024
1962	1024
7511	1024
9197	1024
5926	1024
530	1024
2452	1024
3627	1024
4009	1024
8233	1024
8513	1024
3544	1024
3278	1024
993	1024
2538	1024
1810	1024
6868	1024
6780	1024
4848	1024
226	1024
1870	1024
1496	1024
8052	1024
2423	1024
2565	1024
6596	1024
3731	1024
6609	1024
2347	1024
2038	1024
2086	1024
8822	1024
351	1024
9597	1024
4370	1024
6276	1024
6478	1024
6821	1024
9902	1024
487	1024
5053	1024
4766	1024
4030	1024
4682	1024
5759	1024
6567	1024
6491	1024
8978	1024
9699	1024
7690	1024
9203	1024
1568	1024
5538	1024
7254	1024
3990	1024
4454	1024
201	1024
4072	1024
1062	1024
2548	1024
6109	1024
3148	1024
7721	1024
6460	1024
9096	1024
2090	1024
9087	1024
5573	1024
5262	1024
5341	1024
6059	1024
6667	1024
106	1024
6440	1024
1348	1024
2216	1024
9359	1024
4191	1024
1193	1024
9057	1024
8232	1024
395	1024
624	1024
3769	1024
4000	1024
965	1024
4575	1024
553	1024
5036	1024
5636	1024
9452	1024
7496	1024
5135	1024
7172	1024
307	1024
4230	1024
5613	1024
9394	1024
9803	1024
874	1024
4734	1024
5861	1024
3892	1024
1191	1024
8653	1024
1592	1024
3407	1024
8011	1024
2134	1024
4599	1024
3419	1024
365	1024
1346	1024
394	1024
486	1024
1697	1024
1358	1024
5060	1024
2249	1024
2745	1024
7047	1024
1700	1024
240	1024
2182	1024
5223	1024
547	1024
6411	1024
835	1024
9940	1024
2565	1024
8061	1024
1025	1024
4778	1024
1952	1024
8567	1024
3430	1024
9895	1024
1973	1024
7792	1024
2028	1024
2924	1024
1210	1024
2393	1024
621	1024
1603	1024
9230	1024
2317	1024
9312	1024
4289	1024
918	1024
2056	1024
1335	1024
8969	1024
2295	1024
3516	1024
4192	1024
2841	1024
6279	1024
1378	1024
9132	1024
8843	1024
9438	1024
6508	1024
3620	1024
7742	1024
5075	1024
7049	1024
3988	1024
3399	1024
4840	1024
6016	1024
6322	1024
2401	1024
4760	1024
6942	1024
4003	1024
3989	1024
5611	1024
3314	1024
8277	1024
2880	1024
5369	1024
5963	1024
1848	1024
4016	1024
5831	1024
2391	1024
3208	1024
8461	1024
3769	1024
8692	1024
7303	1024
9558	1024
1551	1024
7275	1024
3651	1024
2977	1024
675	1024
7639	1024
6376	1024
1867	1024
3654	1024
9049	1024
4267	1024
8413	1024
2343	1024
4622	1024
2401	1024
4305	1024
7935	1024
7029	1024
7184	1024
9656	1024
9343	1024
5383	1024
23	1024
1525	1024
7774	1024
3230	1024
9985	1024
7894	1024
8273	1024
3640	1024
7451	1024
9824	1024
914	1024
1102	1024
9152	1024
1588	1024
8740	1024
5527	1024
3454	1024
8745	1024
928	1024
4073	1024
7157	1024
3270	1024
8694	1024
5909	1024
7574	1024
2980	1024
9289	1024
4757	1024
8987	1024
4983	1024
139	1024
9009	1024
6508	1024
4264	1024
8591	1024
6492	1024
2157	1024
3215	1024
131	1024
9608	1024
3038	1024
7396	1024
7061	1024
8542	1024
8984	1024
5800	1024
4068	1024
8789	1024
896	1024
4995	1024
2861	1024
4404	1024
4616	1024
1554	1024
312	1024
2189	1024
4534	1024
5952	1024
3297	1024
3520	1024
934	1024
9788	1024
8881	1024
3793	1024
4051	1024
7471	1024
6637	1024
6208	1024
685	1024
3119	1024
2167	1024
75	1024
515	1024
9227	1024
8616	1024
9498	1024
1378	1024
9035	1024
8286	1024
2273	1024
382	1024
7499	1024
6676	1024
4997	1024
9052	1024
3339	1024
7186	1024
9937	1024
5642	1024
6834	1024
3457	1024
2927	1024
6621	1024
2337	1024
6720	1024
672	1024
6159	1024
3356	1024
3231	1024
3195	1024
6474	1024
5397	1024
3269	1024
6988	1024
4623	1024
8236	1024
2837	1024
2352	1024
7271	1024
7475	1024
4624	1024
4004	1024
4973	1024
7651	1024
9000	1024
376	1024
7341	1024
6185	1024
313	1024
2982	1024
9371	1024
3769	1024
5908	1024
5991	1024
2457	1024
8979	1024
6662	1024
8615	1024
2334	1024
9892	1024
8161	1024
5160	1024
1640	1024
7782	1024
8499	1024
2614	1024
6017	1024
7688	1024
4965	1024
9639	1024
5162	1024
5940	1024
3642	1024
6486	1024
9942	1024
2642	1024
6861	1024
7282	1024
5178	1024
7173	1024
263	1024
4548	1024
941	1024
2523	1024
539	1024
9749	1024
1501	1024
3552	1024
4715	1024
187	1024
9796	1024
2876	1024
1698	1024
7787	1024
657	1024
196	1024
401	1024
3025	1024
4235	1024
5365	1024
2664	1024
9396	1024
7657	1024
2657	1024
2233	1024
7598	1024
1650	1024
9094	1024
4880	1024
6828	1024
6266	1024
1494	1024
7727	1024
3559	1024
368	1024
4617	1024
9659	1024
1869	1024
4521	1024
4374	1024
8407	1024
668	1024
3601	1024
104	1024
8454	1024
4257	1024
6651	1024
8854	1024
3633	1024
886	1024
571	1024
2648	1024
6633	1024
8227	1024
5305	1024
8866	1024
2176	1024
6954	1024
7959	1024
7055	1024
133	1024
576	1024
4901	1024
4212	1024
486	1024
5268	1024
8828	1024
145	1024
3488	1024
9700	1024
4518	1024
1894	1024
367	1024
8118	1024
8349	1024
8821	1024
8726	1024
1352	1024
4026	1024
2358	1024
8589	1024
948	1024
5006	1024
5221	1024
9174	1024
6662	1024
438	1024
7702	1024
9967	1024
4748	1024
4756	1024
100	1024
5324	1024
6008	1024
4311	1024
5809	1024
1276	1024
9490	1024
5953	1024
4763	1024
9190	1024
6822	1024
3009	1024
5908	1024
4939	1024
7709	1024
4728	1024
16	1024
9060	1024
5106	1024
8726	1024
7648	1024
6053	1024
83	1024
9221	1024
1579	1024
6744	1024
9658	1024
9280	1024
6710	1024
758	1024
387	1024
3161	1024
6081	1024
6395	1024
3823	1024
8241	1024
7670	1024
3313	1024
546	1024
8784	1024
8854	1024
7367	1024
1792	1024
4761	1024
8658	1024
9501	1024
5841	1024
5025	1024
4912	1024
946	1024
3750	1024
8912	1024
3350	1024
3832	1024
8132	1024
4928	1024
575	1024
4141	1024
559	1024
3637	1024
4898	1024
946	1024
6797	1024
7330	1024
7340	1024
6972	1024
1923	1024
1361	1024
284	1024
2468	1024
6496	1024
5489	1024
6186	1024
8288	1024
6601	1024
1195	1024
4140	1024
2441	1024
6220	1024
9051	1024
9738	1024
6321	1024
7962	1024
3088	1024
153	1024
2445	1024
4367	1024
7079	1024
6586	1024
4926	1024
715	1024
7835	1024
2223	1024
3864	1024
1517	1024
5914	1024
835	1024
3439	1024
3626	1024
7470	1024
2258	1024
121	1024
9310	1024
8443	1024
4760	1024
5910	1024
5990	1024
8899	1024
4703	1024
2209	1024
4302	1024
4440	1024
8529	1024
8615	1024
3879	1024
5033	1024
7412	1024
4598	1024
2112	1024
3997	1024
5875	1024
9178	1024
8183	1024
8097	1024
9393	1024
9699	1024
362	1024
6579	1024
3137	1024
3987	1024
400	1024
1746	1024
4107	1024
9709	1024
189	1024
8867	1024
5619	1024
6178	1024
4117	1024
6673	1024
4738	1024
4770	1024
1112	1024
9618	1024
3385	1024
1343	1024
4651	1024
796	1024
5940	1024
3114	1024
1144	1024
8166	1024
8643	1024
5678	1024
6262	1024
8036	1024
5377	1024
2975	1024
4614	1024
4865	1024
6961	1024
5014	1024
6611	1024
7419	1024
1074	1024
3151	1024
2637	1024
3044	1024
5680	1024
6754	1024
9716	1024
6769	1024
7875	1024
7180	1024
6386	1024
1259	1024
8522	1024
7388	1024
8406	1024
813	1024
6853	1024
5901	1024
8978	1024
5496	1024
1579	1024
1591	1024
9883	1024
3307	1024
4565	1024
4496	1024
4523	1024
7877	1024
5861	1024
1133	1024
5295	1024
6935	1024
635	1024
4284	1024
6330	1024
2666	1024
7389	1024
6046	1024
9434	1024
5263	1024
3225	1024
5820	1024
2874	1024
8098	1024
9559	1024
1279	1024
5262	1024
6412	1024
7180	1024
591	1024
8259	1024
5110	1024
8533	1024
8141	1024
8416	1024
3097	1024
8988	1024
2938	1024
7325	1024
1201	1024
423	1024
8971	1024
4487	1024
7409	1024
3254	1024
816	1024
75	1024
642	1024
6861	1024
9508	1024
5905	1024
6437	1024
1679	1024
8778	1024
886	1024
7590	1024
6408	1024
6147	1024
353	1024
9939	1024
6737	1024
8611	1024
5048	1024
1621	1024
6751	1024
9815	1024
1069	1024
2090	1024
9105	1024
8393	1024
3290	1024
5879	1024
7364	1024
7776	1024
3287	1024
6969	1024
4944	1024
9713	1024
7611	1024
1804	1024
5573	1024
9867	1024
4593	1024
7251	1024
4996	1024
5478	1024
4840	1024
1403	1024
1625	1024
5192	1024
7694	1024
4713	1024
154	1024
2741	1024
6334	1024
3256	1024
8908	1024
7402	1024
5346	1024
4364	1024
2147	1024
4987	1024
242	1024
9510	1024
9115	1024
9880	1024
6478	1024
4058	1024
9593	1024
440	1024
5861	1024
5165	1024
306	1024
453	1024
8767	1024
1653	1024
5931	1024
9959	1024
3056	1024
3907	1024
1502	1024
749	1024
8619	1024
1656	1024
9841	1024
1304	1024
4911	1024
5100	1024
5058	1024
6608	1024
9463	1024
7204	1024
7947	1024
9704	1024
3065	1024
7061	1024
5936	1024
5894	1024
1118	1024
1880	1024
6334	1024
3330	1024
3396	1024
2991	1024
135	1024
2162	1024
4644	1024
2417	1024
8472	1024
4051	1024
6323	1024
9974	1024
1151	1024
1293	1024
7981	1024
7343	1024
8949	1024
9243	1024
2443	1024
4006	1024
5851	1024
8257	1024
1209	1024
3797	1024
7961	1024
625	1024
857	1024
248	1024
6518	1024
8326	1024
2127	1024
9203	1024
1655	1024
5522	1024
2194	1024
1789	1024
4035	1024
3189	1024
557	1024
2507	1024
7239	1024
6879	1024
2480	1024
4741	1024
4524	1024
6812	1024
2083	1024
3472	1024
6054	1024
877	1024
7477	1024
1904	1024
9134	1024
5037	1024
2052	1024
3446	1024
2013	1024
9260	1024
3693	1024
8530	1024
7585	1024
5819	1024
7733	1024
9240	1024
1340	1024
6278	1024
7380	1024
5374	1024
9466	1024
7937	1024
4232	1024
6704	1024
1167	1024
3063	1024
7796	1024
5690	1024
9874	1024
9878	1024
5513	1024
5928	1024
755	1024
9341	1024
7831	1024
9888	1024
729	1024
6235	1024
9685	1024
2741	1024
5494	1024
3377	1024
1271	1024
3079	1024
9195	1024
5355	1024
8670	1024
6886	1024
1632	1024
2401	1024
8611	1024
1097	1024
6689	1024
2843	1024
4152	1024
7856	1024
2257	1024
1947	1024
9897	1024
2131	1024
8176	1024
5410	1024
8058	1024
5282	1024
4750	1024
2240	1024
1521	1024
5479	1024
8474	1024
1205	1024
4571	1024
3968	1024
4581	1024
2193	1024
3398	1024
127	1024
7547	1024
2067	1024
7012	1024
5530	1024
819	1024
1975	1024
6626	1024
7508	1024
1169	1024
7129	1024
1715	1024
3425	1024
5427	1024
1611	1024
5555	1024
9955	1024
3372	1024
9964	1024
5236	1024
4474	1024
2204	1024
6757	1024
6304	1024
7029	1024
7961	1024
874	1024
7348	1024
2542	1024
3067	1024
745	1024
2668	1024
6965	1024
9163	1024
6032	1024
2495	1024
9982	1024
4358	1024
5472	1024
3841	1024
5526	1024
8953	1024
1907	1024
5302	1024
4379	1024
3517	1024
7209	1024
4333	1024
3241	1024
7172	1024
5921	1024
4066	1024
5727	1024
2677	1024
369	1024
2756	1024
637	1024
7594	1024
6455	1024
9530	1024
660	1024
7200	1024
8550	1024
3977	1024
2714	1024
933	1024
6471	1024
9047	1024
5290	1024
1942	1024
2887	1024
7167	1024
894	1024
4793	1024
2468	1024
1625	1024
4662	1024
9676	1024
2309	1024
4254	1024
3200	1024
8229	1024
8319	1024
8926	1024
905	1024
8687	1024
8033	1024
7894	1024
6280	1024
4488	1024
3775	1024
3292	1024
8039	1024
8676	1024
7268	1024
752	1024
9608	1024
90	1024
6151	1024
4897	1024
8383	1024
9037	1024
2063	1024
9277	1024
182	1024
883	1024
7253	1024
1195	1024
558	1024
9561	1024
5448	1024
109	1024
4142	1024
3766	1024
9035	1024
1398	1024
8804	1024
3419	1024
9291	1024
1435	1024
4258	1024
9418	1024
4726	1024
8648	1024
8093	1024
8345	1024
5752	1024
7701	1024
8434	1024
1902	1024
8949	1024
6817	1024
938	1024
7364	1024
2445	1024
7471	1024
4598	1024
6049	1024
8665	1024
5155	1024
5609	1024
4112	1024
1616	1024
9750	1024
4229	1024
7002	1024
7500	1024
3032	1024
420	1024
3142	1024
819	1024
1030	1024
2559	1024
5544	1024
9677	1024
7004	1024
241	1024
5428	1024
1056	1024
5026	1024
7329	1024
4	1024
8194	1024
4619	1024
3719	1024
638	1024
8441	1024
8316	1024
3038	1024
7106	1024
9823	1024
8647	1024
7569	1024
1438	1024
4748	1024
8150	1024
8439	1024
2247	1024
7533	1024
5210	1024
5389	1024
8351	1024
6239	1024
4299	1024
3895	1024
2268	1024
1302	1024
487	1024
4047	1024
2357	1024
5512	1024
7728	1024
8713	1024
3706	1024
8698	1024
8783	1024
695	1024
7138	1024
3451	1024
3733	1024
595	1024
9625	1024
8731	1024
8164	1024
7414	1024
9830	1024
2665	1024
2204	1024
2077	1024
197	1024
7413	1024
3817	1024
8548	1024
4	1024
4467	1024
8794	1024
8623	1024
5769	1024
9280	1024
2669	1024
4477	1024
1143	1024
396	1024
3189	1024
4848	1024
9093	1024
8324	1024
1895	1024
6231	1024
1774	1024
5627	1024
6825	1024
1398	1024
709	1024
1340	1024
8811	1024
538	1024
4004	1024
7366	1024
2614	1024
553	1024
4778	1024
2782	1024
9100	1024
1133	1024
7249	1024
4245	1024
9755	1024
9369	1024
9876	1024
2424	1024
3845	1024
1018	1024
9171	1024
3386	1024
2218	1024
8264	1024
8061	1024
4112	1024
846	1024
9834	1024
6090	1024
4022	1024
7583	1024
6798	1024
5362	1024
2745	1024
7335	1024
5717	1024
110	1024
6301	1024
2621	1024
1239	1024
9082	1024
1720	1024
2372	1024
2682	1024
2316	1024
8478	1024
8402	1024
2191	1024
901	1024
8599	1024
3209	1024
6424	1024
1984	1024
5426	1024
4687	1024
6396	1024
5889	1024
5532	1024
6229	1024
1978	1024
5905	1024
163	1024
8775	1024
7618	1024
9259	1024
6109	1024
9687	1024
9368	1024
2409	1024
2307	1024
6958	1024
7843	1024
379	1024
5681	1024
6876	1024
2694	1024
4159	1024
1630	1024
4885	1024
1411	1024
228	1024
8093	1024
7834	1024
8563	1024
9870	1024
8872	1024
4958	1024
5758	1024
4403	1024
7538	1024
7735	1024
6660	1024
7700	1024
2861	1024
4277	1024
3310	1024
8969	1024
3963	1024
9029	1024
7730	1024
6270	1024
5986	1024
1924	1024
6648	1024
1667	1024
5151	1024
9341	1024
2177	1024
6780	1024
4225	1024
3587	1024
7007	1024
8669	1024
1421	1024
5569	1024
4890	1024
6644	1024
6878	1024
647	1024
1047	1024
4415	1024
4733	1024
7706	1024
8466	1024
7593	1024
8334	1024
1775	1024
2914	1024
2297	1024
803	1024
6995	1024
8566	1024
3141	1024
5270	1024
1565	1024
4807	1024
420	1024
905	1024
6983	1024
7200	1024
1482	1024
6921	1024
558	1024
6502	1024
4693	1024
2479	1024
1392	1024
1337	1024
9356	1024
8390	1024
8735	1024
3771	1024
3123	1024
2792	1024
2236	1024
7067	1024
1125	1024
4011	1024
6332	1024
3421	1024
1165	1024
3326	1024
8338	1024
4305	1024
8595	1024
9902	1024
5463	1024
5367	1024
7159	1024
8797	1024
2566	1024
8640	1024
5718	1024
9475	1024
5141	1024
6762	1024
1953	1024
2884	1024
8098	1024
1309	1024
1274	1024
3184	1024
5079	1024
748	1024
5975	1024
3666	1024
4166	1024
3452	1024
7676	1024
498	1024
3224	1024
5193	1024
175	1024
1562	1024
9497	1024
5122	1024
7815	1024
1312	1024
488	1024
4973	1024
108	1024
9405	1024
9964	1024
2177	1024
8879	1024
1457	1024
8939	1024
832	1024
4340	1024
3388	1024
8492	1024
1965	1024
6572	1024
3570	1024
2712	1024
2546	1024
7235	1024
3230	1024
2349	1024
1263	1024
3727	1024
5573	1024
2807	1024
253	1024
3486	1024
8655	1024
5374	1024
1300	1024
9966	1024
2213	1024
2625	1024
74	1024
1617	1024
2588	1024
2250	1024
496	1024
4044	1024
1188	1024
7679	1024
8384	1024
4576	1024
6170	1024
6700	1024
7499	1024
6091	1024
9412	1024
6396	1024
9677	1024
2641	1024
8745	1024
939	1024
2719	1024
4317	1024
97	1024
2971	1024
7802	1024
8752	1024
4697	1024
5453	1024
8717	1024
6909	1024
8077	1024
8790	1024
8526	1024
665	1024
7392	1024
5373	1024
1060	1024
8579	1024
9403	1024
5795	1024
9506	1024
5572	1024
2495	1024
7004	1024
8014	1024
8258	1024
9752	1024
7690	1024
898	1024
8496	1024
4981	1024
9968	1024
9164	1024
5077	1024
9290	1024
3317	1024
3828	1024
3986	1024
8769	1024
2545	1024
7247	1024
3198	1024
7686	1024
2124	1024
214	1024
5077	1024
3848	1024
1273	1024
8	1024
3250	1024
7068	1024
5865	1024
8821	1024
9562	1024
9221	1024
6834	1024
7819	1024
8972	1024
875	1024
5068	1024
7467	1024
5855	1024
1387	1024
6630	1024
932	1024
676	1024
9946	1024
4759	1024
1014	1024
5066	1024
3655	1024
4612	1024
8263	1024
1341	1024
6735	1024
8476	1024
6417	1024
582	1024
9749	1024
2776	1024
3831	1024
3168	1024
8641	1024
9003	1024
9081	1024
4213	1024
2188	1024
6899	1024
3184	1024
3062	1024
8318	1024
7002	1024
8917	1024
9704	1024
3631	1024
6200	1024
6731	1024
9928	1024
958	1024
7744	1024
4993	1024
4613	1024
2355	1024
9608	1024
2305	1024
5441	1024
4435	1024
5073	1024
6022	1024
535	1024
7849	1024
6204	1024
3702	1024
2841	1024
1558	1024
2782	1024
7053	1024
3745	1024
6032	1024
236	1024
3159	1024
701	1024
3589	1024
8427	1024
404	1024
7219	1024
4626	1024
3487	1024
3498	1024
5583	1024
7582	1024
4842	1024
6547	1024
6289	1024
4449	1024
5203	1024
1729	1024
8884	1024
276	1024
4103	1024
9418	1024
4476	1024
306	1024
9472	1024
7316	1024
8216	1024
8605	1024
720	1024
8312	1024
4637	1024
7307	1024
1470	1024
1689	1024
895	1024
9896	1024
8445	1024
8113	1024
873	1024
1931	1024
7962	1024
2808	1024
9512	1024
2803	1024
9354	1024
5800	1024
3604	1024
909	1024
3881	1024
2487	1024
1184	1024
7983	1024
8256	1024
5659	1024
4640	1024
4079	1024
2974	1024
2855	1024
2684	1024
45	1024
1167	1024
3672	1024
7351	1024
8988	1024
5360	1024
8245	1024
5236	1024
3804	1024
2709	1024
6108	1024
2086	1024
670	1024
8915	1024
7950	1024
3472	1024
4621	1024
3749	1024
7075	1024
5529	1024
7629	1024
5913	1024
3064	1024
1963	1024
521	1024
8722	1024
6603	1024
4599	1024
8047	1024
5809	1024
3634	1024
8091	1024
3327	1024
7305	1024
5441	1024
8667	1024
9017	1024
37	1024
3902	1024
9172	1024
2745	1024
9	1024
1258	1024
3414	1024
5276	1024
5559	1024
3237	1024
6248	1024
9307	1024
6664	1024
8128	1024
3288	1024
8928	1024
1191	1024
5250	1024
9448	1024
6264	1024
8204	1024
399	1024
4310	1024
365	1024
384	1024
8752	1024
43	1024
7689	1024
544	1024
8709	1024
3057	1024
580	1024
2610	1024
8580	1024
9676	1024
8971	1024
6189	1024
3089	1024
598	1024
1747	1024
2677	1024
3197	1024
1054	1024
9340	1024
1324	1024
693	1024
8268	1024
2514	1024
2294	1024
4067	1024
8777	1024
6850	1024
817	1024
9438	1024
7214	1024
1201	1024
4541	1024
3608	1024
5241	1024
5084	1024
2317	1024
8297	1024
2015	1024
1278	1024
6876	1024
1690	1024
6600	1024
9417	1024
1130	1024
3549	1024
1163	1024
3806	1024
6745	1024
8568	1024
3146	1024
8068	1024
9260	1024
7765	1024
6933	1024
1554	1024
1831	1024
2061	1024
4755	1024
9000	1024
7850	1024
8320	1024
200	1024
2390	1024
1927	1024
5440	1024
3825	1024
595	1024
88	1024
5839	1024
8225	1024
3315	1024
7528	1024
1176	1024
2731	1024
5009	1024
4725	1024
246	1024
8815	1024
7821	1024
8813	1024
1960	1024
2241	1024
8073	1024
6076	1024
9173	1024
5978	1024
4258	1024
7586	1024
732	1024
3257	1024
5435	1024
9051	1024
3456	1024
4177	1024
977	1024
5247	1024
8001	1024
7924	1024
1686	1024
3840	1024
6148	1024
1353	1024
7719	1024
7323	1024
4083	1024
2728	1024
2047	1024
4328	1024
1542	1024
6220	1024
3141	1024
9853	1024
8460	1024
7565	1024
2280	1024
3984	1024
3542	1024
6537	1024
1569	1024
625	1024
6146	1024
3356	1024
9675	1024
5953	1024
7532	1024
7003	1024
1200	1024
5532	1024
4926	1024
9237	1024
5723	1024
1073	1024
589	1024
9794	1024
4748	1024
1024	1024
2521	1024
3146	1024
5351	1024
414	1024
9365	1024
4843	1024
6618	1024
7824	1024
8759	1024
8897	1024
1808	1024
8652	1024
1785	1024
9728	1024
9276	1024
7930	1024
3083	1024
5302	1024
3883	1024
614	1024
2305	1024
1434	1024
2498	1024
3582	1024
670	1024
4572	1024
4655	1024
1259	1024
4365	1024
5754	1024
2282	1024
6885	1024
8899	1024
3984	1024
3650	1024
8264	1024
5179	1024
6619	1024
6087	1024
3937	1024
1867	1024
4246	1024
2589	1024
3652	1024
3974	1024
1864	1024
1581	1024
3408	1024
7166	1024
1815	1024
4022	1024
5822	1024
3248	1024
2871	1024
9403	1024
270	1024
7442	1024
409	1024
7880	1024
1807	1024
6162	1024
161	1024
5043	1024
5061	1024
496	1024
5045	1024
9676	1024
5674	1024
1663	1024
2114	1024
5963	1024
3530	1024
6360	1024
8551	1024
7181	1024
6685	1024
6766	1024
5113	1024
92	1024
283	1024
3280	1024
465	1024
2456	1024
2879	1024
3335	1024
1859	1024
3148	1024
7129	1024
8619	1024
1027	1024
5287	1024
1133	1024
7539	1024
329	1024
2545	1024
4387	1024
5373	1024
2220	1024
6412	1024
3388	1024
4333	1024
2374	1024
6917	1024
7044	1024
7276	1024
449	1024
3728	1024
394	1024
1913	1024
3820	1024
7028	1024
5192	1024
636	1024
9484	1024
4423	1024
323	1024
7694	1024
7570	1024
7451	1024
2664	1024
4949	1024
2737	1024
3796	1024
8839	1024
9417	1024
6340	1024
3225	1024
1142	1024
8559	1024
9637	1024
4529	1024
9244	1024
8362	1024
7797	1024
6287	1024
1990	1024
4597	1024
6367	1024
2383	1024
6509	1024
6538	1024
5762	1024
8053	1024
7173	1024
1597	1024
2475	1024
7495	1024
5642	1024
6396	1024
1297	1024
8306	1024
1344	1024
385	1024
2101	1024
6535	1024
9802	1024
4793	1024
9759	1024
7295	1024
9703	1024
5747	1024
8175	1024
8946	1024
461	1024
5971	1024
1585	1024
2450	1024
567	1024
7951	1024
1184	1024
3427	1024
4488	1024
6945	1024
7831	1024
8012	1024
4894	1024
305	1024
1859	1024
535	1024
3053	1024
3155	1024
8840	1024
4396	1024
3540	1024
7293	1024
7282	1024
9693	1024
2085	1024
7041	1024
6987	1024
1787	1024
9139	1024
5161	1024
7085	1024
9599	1024
7483	1024
5021	1024
8400	1024
4401	1024
2971	1024
9583	1024
7827	1024
3810	1024
2880	1024
5658	1024
8173	1024
7773	1024
2314	1024
31	1024
4659	1024
5366	1024
3186	1024
3499	1024
6114	1024
3077	1024
7143	1024
3395	1024
2769	1024
5579	1024
6787	1024
6107	1024
3717	1024
5926	1024
1267	1024
801	1024
1876	1024
5101	1024
5821	1024
6628	1024
9501	1024
5143	1024
2562	1024
3679	1024
5304	1024
1793	1024
9336	1024
3477	1024
5917	1024
8002	1024
3507	1024
576	1024
3367	1024
3044	1024
426	1024
9480	1024
6120	1024
7568	1024
9227	1024
5240	1024
9498	1024
6013	1024
1346	1024
3214	1024
8290	1024
8964	1024
367	1024
6518	1024
4064	1024
2539	1024
3145	1024
9916	1024
4034	1024
2058	1024
3595	1024
9337	1024
3851	1024
9282	1024
9165	1024
9767	1024
7283	1024
9024	1024
342	1024
650	1024
2067	1024
7119	1024
6481	1024
4539	1024
4686	1024
2059	1024
6130	1024
4183	1024
8072	1024
7476	1024
3749	1024
2713	1024
2791	1024
4115	1024
5582	1024
6855	1024
6653	1024
8726	1024
3122	1024
686	1024
7136	1024
6716	1024
6375	1024
986	1024
5998	1024
5539	1024
752	1024
9632	1024
914	1024
7446	1024
6633	1024
9333	1024
4564	1024
9466	1024
3871	1024
5602	1024
1524	1024
6352	1024
6136	1024
5947	1024
3827	1024
9884	1024
5012	1024
2970	1024
350	1024
593	1024
9824	1024
3355	1024
9319	1024
9297	1024
392	1024
2806	1024
6013	1024
6766	1024
3791	1024
8362	1024
8657	1024
894	1024
4345	1024
9570	1024
8339	1024
978	1024
8902	1024
9255	1024
443	1024
9124	1024
4856	1024
8318	1024
1828	1024
7343	1024
4265	1024
5654	1024
7227	1024
9276	1024
4975	1024
3928	1024
6220	1024
1150	1024
7282	1024
1890	1024
447	1024
7674	1024
4695	1024
2811	1024
791	1024
8485	1024
7524	1024
9447	1024
9379	1024
1868	1024
5369	1024
4069	1024
2845	1024
622	1024
3323	1024
9639	1024
6098	1024
4530	1024
4309	1024
7925	1024
1873	1024
4925	1024
9930	1024
5451	1024
552	1024
4905	1024
9378	1024
6771	1024
6054	1024
3012	1024
8661	1024
2852	1024
685	1024
3355	1024
5662	1024
7827	1024
1840	1024
3185	1024
3626	1024
7570	1024
5053	1024
8994	1024
1638	1024
4249	1024
5967	1024
4961	1024
240	1024
8416	1024
9490	1024
4548	1024
6340	1024
7714	1024
5824	1024
2622	1024
3164	1024
6375	1024
3878	1024
8894	1024
3145	1024
6283	1024
1905	1024
1805	1024
9135	1024
2589	1024
5160	1024
4796	1024
415	1024
3351	1024
7981	1024
4040	1024
920	1024
9385	1024
9385	1024
8909	1024
9985	1024
1704	1024
3869	1024
224	1024
119	1024
9711	1024
1123	1024
2811	1024
3776	1024
6946	1024
5432	1024
6940	1024
3320	1024
5661	1024
5833	1024
2817	1024
1943	1024
7737	1024
4621	1024
1077	1024
6677	1024
6132	1024
2225	1024
3443	1024
5834	1024
6557	1024
3835	1024
6753	1024
2293	1024
3219	1024
5662	1024
2277	1024
4922	1024
5882	1024
8853	1024
1393	1024
1944	1024
6327	1024
4203	1024
5720	1024
9625	1024
9634	1024
9011	1024
2944	1024
1646	1024
4843	1024
2112	1024
3588	1024
8931	1024
6733	1024
1017	1024
5607	1024
9216	1024
3241	1024
5401	1024
5050	1024
9797	1024
9235	1024
8154	1024
8441	1024
8806	1024
167	1024
717	1024
3727	1024
6049	1024
9569	1024
1471	1024
4344	1024
2248	1024
5673	1024
6415	1024
1872	1024
1658	1024
5425	1024
1167	1024
3303	1024
6619	1024
3279	1024
6891	1024
5549	1024
6363	1024
7907	1024
7507	1024
5578	1024
7499	1024
2908	1024
6979	1024
3647	1024
8494	1024
5133	1024
2087	1024
7299	1024
5299	1024
9155	1024
7378	1024
7699	1024
8724	1024
8848	1024
8395	1024
7323	1024
4521	1024
4809	1024
9194	1024
6178	1024
6586	1024
360	1024
9481	1024
3204	1024
3638	1024
2723	1024
5105	1024
6352	1024
6981	1024
8963	1024
1930	1024
831	1024
8222	1024
5260	1024
4477	1024
6716	1024
392	1024
2915	1024
4014	1024
2043	1024
2069	1024
1391	1024
6093	1024
7144	1024
6591	1024
839	1024
4466	1024
1111	1024
5648	1024
3659	1024
3640	1024
8585	1024
371	1024
3120	1024
1788	1024
4008	1024
2194	1024
3244	1024
6712	1024
9174	1024
2207	1024
4993	1024
4	1024
6780	1024
252	1024
832	1024
3495	1024
6996	1024
3746	1024
3861	1024
5390	1024
2167	1024
5251	1024
1482	1024
9310	1024
8193	1024
8673	1024
128	1024
9303	1024
4320	1024
3786	1024
2943	1024
9256	1024
4156	1024
2414	1024
7395	1024
4516	1024
4608	1024
639	1024
1227	1024
133	1024
9197	1024
2571	1024
6489	1024
5976	1024
2822	1024
7320	1024
9471	1024
9817	1024
7418	1024
9683	1024
1558	1024
9584	1024
1285	1024
3040	1024
5245	1024
9478	1024
1712	1024
5372	1024
8780	1024
2383	1024
9158	1024
8074	1024
7990	1024
9665	1024
6840	1024
5384	1024
532	1024
1447	1024
2374	1024
8110	1024
7931	1024
1570	1024
680	1024
4419	1024
3898	1024
9854	1024
8091	1024
9720	1024
9670	1024
5508	1024
9402	1024
1228	1024
1443	1024
686	1024
619	1024
6687	1024
163	1024
8682	1024
2059	1024
5295	1024
7416	1024
1216	1024
3368	1024
5405	1024
7232	1024
207	1024
7140	1024
4116	1024
8005	1024
9514	1024
2225	1024
2288	1024
1083	1024
9257	1024
6706	1024
1332	1024
9110	1024
1148	1024
1051	1024
5131	1024
6655	1024
452	1024
2710	1024
8097	1024
1138	1024
9680	1024
1136	1024
7652	1024
4713	1024
3194	1024
2946	1024
2128	1024
761	1024
2666	1024
3884	1024
7992	1024
9224	1024
7376	1024
8459	1024
7229	1024
6889	1024
684	1024
5868	1024
4323	1024
6292	1024
8925	1024
5655	1024
5401	1024
73	1024
6705	1024
6883	1024
3079	1024
3509	1024
9593	1024
7528	1024
998	1024
5624	1024
8663	1024
8649	1024
337	1024
1856	1024
1595	1024
8816	1024
2616	1024
4260	1024
9052	1024
6959	1024
3483	1024
6427	1024
5418	1024
7063	1024
3315	1024
2453	1024
9282	1024
3989	1024
8744	1024
8207	1024
9643	1024
496	1024
8279	1024
2700	1024
7378	1024
7709	1024
6208	1024
3322	1024
5236	1024
3557	1024
8946	1024
3898	1024
2205	1024
9282	1024
5753	1024
151	1024
8097	1024
4720	1024
4410	1024
7148	1024
1679	1024
4245	1024
3574	1024
3448	1024
7659	1024
3240	1024
5900	1024
6941	1024
7229	1024
4643	1024
1499	1024
3223	1024
5138	1024
6129	1024
5922	1024
8867	1024
3837	1024
8481	1024
2189	1024
9073	1024
2037	1024
1134	1024
9322	1024
594	1024
415	1024
5075	1024
744	1024
8511	1024
6146	1024
1506	1024
2011	1024
4176	1024
5750	1024
1936	1024
7623	1024
9760	1024
5176	1024
3522	1024
3052	1024
8756	1024
4516	1024
4550	1024
8330	1024
9653	1024
7030	1024
4252	1024
8520	1024
867	1024
9084	1024
7060	1024
6291	1024
7473	1024
8193	1024
5612	1024
8066	1024
8607	1024
686	1024
8809	1024
3469	1024
3184	1024
6666	1024
1831	1024
7359	1024
8767	1024
3767	1024
4982	1024
8527	1024
5294	1024
8503	1024
7930	1024
401	1024
3019	1024
8832	1024
8730	1024
9023	1024
5861	1024
9333	1024
3894	1024
6727	1024
4769	1024
953	1024
3017	1024
2241	1024
5497	1024
8629	1024
6658	1024
4103	1024
5666	1024
1818	1024
3924	1024
8849	1024
8484	1024
5754	1024
2560	1024
7250	1024
5872	1024
7541	1024
5776	1024
7517	1024
2395	1024
58	1024
7917	1024
1765	1024
8889	1024
2999	1024
788	1024
4749	1024
2331	1024
1033	1024
7828	1024
7099	1024
8338	1024
844	1024
5691	1024
3834	1024
5824	1024
2348	1024
4289	1024
7842	1024
4166	1024
8212	1024
3042	1024
2649	1024
317	1024
5601	1024
9898	1024
2541	1024
3141	1024
2026	1024
57	1024
5536	1024
2083	1024
4326	1024
3652	1024
7323	1024
3676	1024
4439	1024
2071	1024
2358	1024
1824	1024
9898	1024
5809	1024
161	1024
7094	1024
1499	1024
3994	1024
9269	1024
199	1024
4634	1024
7110	1024
4364	1024
2845	1024
152	1024
3364	1024
9514	1024
5752	1024
9613	1024
2054	1024
5245	1024
7990	1024
8462	1024
7132	1024
6424	1024
9139	1024
783	1024
3746	1024
2814	1024
5222	1024
5817	1024
1524	1024
3397	1024
2066	1024
7332	1024
9909	1024
9159	1024
8830	1024
3902	1024
8428	1024
9028	1024
4888	1024
1889	1024
9743	1024
7732	1024
2040	1024
9458	1024
3597	1024
4144	1024
5423	1024
5650	1024
9388	1024
3412	1024
464	1024
6519	1024
9836	1024
9602	1024
7301	1024
3581	1024
8768	1024
8874	1024
5749	1024
291	1024
2270	1024
7815	1024
3974	1024
2178	1024
3325	1024
2803	1024
2432	1024
8104	1024
8183	1024
7319	1024
9993	1024
4277	1024
1402	1024
2032	1024
3735	1024
4999	1024
6175	1024
5509	1024
7000	1024
1914	1024
8920	1024
7463	1024
8432	1024
5107	1024
3417	1024
5733	1024
8688	1024
8536	1024
4606	1024
788	1024
5178	1024
3228	1024
4954	1024
9151	1024
5405	1024
8279	1024
8305	1024
4188	1024
6382	1024
2839	1024
1506	1024
2726	1024
7116	1024
9260	1024
1110	1024
7202	1024
4258	1024
3636	1024
2710	1024
1257	1024
5550	1024
7981	1024
5072	1024
3981	1024
3088	1024
4840	1024
9713	1024
8127	1024
9727	1024
671	1024
8914	1024
4904	1024
3898	1024
3868	1024
406	1024
5654	1024
8498	1024
8710	1024
9842	1024
1231	1024
7901	1024
7699	1024
3957	1024
5016	1024
6958	1024
5066	1024
8569	1024
7567	1024
8701	1024
7630	1024
5176	1024
4250	1024
5610	1024
6599	1024
4583	1024
8697	1024
1438	1024
4295	1024
3175	1024
1164	1024
1317	1024
2089	1024
2419	1024
5214	1024
2308	1024
9176	1024
7220	1024
805	1024
7885	1024
3413	1024
2035	1024
2137	1024
1111	1024
2343	1024
3504	1024
4421	1024
3760	1024
2072	1024
8339	1024
8813	1024
6053	1024
3514	1024
9414	1024
1663	1024
6464	1024
3996	1024
6711	1024
7901	1024
4643	1024
9886	1024
5416	1024
5959	1024
8326	1024
4186	1024
7525	1024
633	1024
3361	1024
4744	1024
7789	1024
7598	1024
8156	1024
9823	1024
9734	1024
5618	1024
8518	1024
3238	1024
6390	1024
2277	1024
1661	1024
4729	1024
1089	1024
7714	1024
4594	1024
503	1024
5728	1024
1058	1024
850	1024
8790	1024
5310	1024
5492	1024
5027	1024
7078	1024
7803	1024
3352	1024
1263	1024
5327	1024
336	1024
976	1024
6422	1024
8124	1024
8573	1024
929	1024
4299	1024
4658	1024
2898	1024
2816	1024
4247	1024
9288	1024
1444	1024
5908	1024
4016	1024
8885	1024
9973	1024
4961	1024
9387	1024
2052	1024
6018	1024
6588	1024
7193	1024
1328	1024
2080	1024
2220	1024
8405	1024
9882	1024
5571	1024
6019	1024
1560	1024
5907	1024
6994	1024
4333	1024
382	1024
1918	1024
1613	1024
4680	1024
6576	1024
4510	1024
7495	1024
7174	1024
149	1024
5291	1024
3081	1024
516	1024
4175	1024
9405	1024
5477	1024
9913	1024
7808	1024
1494	1024
6500	1024
5001	1024
9173	1024
8579	1024
7220	1024
3929	1024
4812	1024
9142	1024
9948	1024
2723	1024
1400	1024
3293	1024
3407	1024
1782	1024
1563	1024
5019	1024
6461	1024
4490	1024
9529	1024
308	1024
1663	1024
6029	1024
5598	1024
1096	1024
6545	1024
6124	1024
6852	1024
8373	1024
6036	1024
4660	1024
9866	1024
2535	1024
9660	1024
5391	1024
7466	1024
3231	1024
9319	1024
8629	1024
8724	1024
5618	1024
1352	1024
124	1024
5263	1024
4758	1024
8257	1024
3177	1024
6129	1024
1069	1024
7666	1024
2009	1024
1376	1024
9328	1024
8037	1024
3325	1024
6775	1024
933	1024
9448	1024
3627	1024
9305	1024
1835	1024
4638	1024
5523	1024
4370	1024
4297	1024
913	1024
8187	1024
3879	1024
6583	1024
6815	1024
8954	1024
8553	1024
4518	1024
9077	1024
167	1024
5628	1024
3685	1024
3343	1024
8108	1024
4754	1024
1008	1024
116	1024
2481	1024
6687	1024
8152	1024
2158	1024
3462	1024
5437	1024
7957	1024
3440	1024
4741	1024
9792	1024
8077	1024
263	1024
513	1024
8725	1024
7527	1024
8699	1024
8955	1024
4110	1024
1865	1024
7908	1024
2662	1024
2735	1024
3337	1024
9180	1024
4714	1024
7021	1024
2522	1024
2821	1024
1774	1024
3529	1024
2936	1024
607	1024
6567	1024
7439	1024
2764	1024
6380	1024
2875	1024
7072	1024
9819	1024
7616	1024
6863	1024
4247	1024
7878	1024
7375	1024
2971	1024
1757	1024
2425	1024
1925	1024
5866	1024
4290	1024
9833	1024
4879	1024
3376	1024
3169	1024
4058	1024
8089	1024
6541	1024
6579	1024
909	1024
4667	1024
6459	1024
3844	1024
5273	1024
9377	1024
1282	1024
4388	1024
5757	1024
4157	1024
1459	1024
1927	1024
8124	1024
8322	1024
6174	1024
2353	1024
2048	1024
5496	1024
4109	1024
4473	1024
7421	1024
6326	1024
5114	1024
3605	1024
1204	1024
8489	1024
3125	1024
1613	1024
2929	1024
9665	1024
4543	1024
3837	1024
4331	1024
1001	1024
7680	1024
5955	1024
6730	1024
5313	1024
342	1024
2486	1024
5821	1024
1801	1024
4412	1024
296	1024
6474	1024
585	1024
2649	1024
8521	1024
6081	1024
3109	1024
9345	1024
9853	1024
9435	1024
810	1024
9809	1024
6990	1024
5650	1024
9285	1024
4955	1024
8578	1024
5301	1024
9497	1024
2414	1024
5984	1024
6850	1024
6445	1024
1938	1024
3579	1024
8110	1024
2280	1024
6064	1024
282	1024
432	1024
6827	1024
578	1024
3257	1024
3764	1024
9578	1024
1777	1024
9844	1024
2686	1024
7474	1024
6048	1024
8472	1024
4635	1024
5856	1024
5462	1024
285	1024
1492	1024
6768	1024
8862	1024
6792	1024
6264	1024
7628	1024
2775	1024
3113	1024
424	1024
4713	1024
3043	1024
4885	1024
3344	1024
5458	1024
5167	1024
127	1024
2285	1024
2096	1024
3383	1024
6048	1024
1673	1024
1511	1024
2243	1024
710	1024
8984	1024
4642	1024
9182	1024
3619	1024
6849	1024
995	1024
255	1024
8340	1024
7762	1024
5468	1024
5131	1024
377	1024
9447	1024
7906	1024
9842	1024
9871	1024
8970	1024
2884	1024
1107	1024
2313	1024
8342	1024
6273	1024
2439	1024
6978	1024
8368	1024
2173	1024
9377	1024
6392	1024
3683	1024
1619	1024
7102	1024
9019	1024
6260	1024
2635	1024
8989	1024
9460	1024
3629	1024
9243	1024
7799	1024
7742	1024
4710	1024
2929	1024
8118	1024
509	1024
7186	1024
7959	1024
379	1024
6155	1024
7195	1024
1485	1024
8467	1024
1888	1024
4110	1024
7257	1024
8865	1024
8829	1024
9429	1024
8241	1024
5221	1024
3112	1024
6211	1024
2322	1024
8482	1024
8822	1024
1308	1024
7470	1024
8281	1024
4936	1024
3064	1024
6079	1024
9029	1024
4125	1024
5359	1024
7146	1024
4633	1024
2545	1024
1457	1024
1363	1024
8699	1024
8651	1024
2848	1024
3518	1024
538	1024
3309	1024
7126	1024
9402	1024
2137	1024
6555	1024
3994	1024
3709	1024
6018	1024
204	1024
2382	1024
4499	1024
9025	1024
3689	1024
8320	1024
7305	1024
8624	1024
1383	1024
9735	1024
7652	1024
5507	1024
5093	1024
1150	1024
140	1024
7637	1024
2606	1024
1502	1024
2688	1024
7608	1024
701	1024
2557	1024
8145	1024
4009	1024
9682	1024
3898	1024
2498	1024
6236	1024
7891	1024
6206	1024
8605	1024
4446	1024
8588	1024
9455	1024
3470	1024
8628	1024
7774	1024
7126	1024
3604	1024
9156	1024
6860	1024
7607	1024
1015	1024
1952	1024
8756	1024
1154	1024
5941	1024
7713	1024
9007	1024
4980	1024
5320	1024
6060	1024
7536	1024
9816	1024
6420	1024
7217	1024
65	1024
8917	1024
9805	1024
4307	1024
1475	1024
4761	1024
8752	1024
6414	1024
4216	1024
8573	1024
5041	1024
1989	1024
5698	1024
8644	1024
7497	1024
2557	1024
6251	1024
8511	1024
861	1024
1358	1024
6016	1024
6801	1024
9071	1024
1374	1024
8132	1024
742	1024
7433	1024
5667	1024
6910	1024
3853	1024
9235	1024
6974	1024
2769	1024
5391	1024
1281	1024
595	1024
152	1024
32	1024
7008	1024
4367	1024
8605	1024
8401	1024
2707	1024
654	1024
3396	1024
203	1024
3211	1024
9646	1024
5065	1024
4071	1024
7356	1024
1080	1024
7223	1024
2778	1024
2454	1024
5354	1024
3519	1024
9886	1024
7372	1024
6780	1024
90	1024
6606	1024
3754	1024
2859	1024
1997	1024
1386	1024
9805	1024
8500	1024
7769	1024
3165	1024
2866	1024
2725	1024
1565	1024
5572	1024
3379	1024
4960	1024
2127	1024
6589	1024
958	1024
7191	1024
7011	1024
8313	1024
4623	1024
585	1024
7442	1024
7076	1024
5938	1024
7312	1024
3313	1024
3309	1024
4092	1024
3403	1024
6266	1024
7845	1024
2613	1024
4614	1024
5582	1024
2417	1024
3113	1024
3350	1024
5581	1024
2330	1024
6075	1024
3497	1024
4254	1024
9453	1024
8457	1024
6380	1024
2393	1024
5766	1024
3570	1024
9403	1024
430	1024
4544	1024
6339	1024
7871	1024
7971	1024
2276	1024
5182	1024
1284	1024
1936	1024
9273	1024
1038	1024
4553	1024
3469	1024
2	1024
9167	1024
9050	1024
8770	1024
8631	1024
2400	1024
703	1024
961	1024
4826	1024
4199	1024
5214	1024
4278	1024
9007	1024
1593	1024
3022	1024
4772	1024
1514	1024
8776	1024
1553	1024
6058	1024
5114	1024
9423	1024
4028	1024
7389	1024
957	1024
1663	1024
5676	1024
6581	1024
2700	1024
228	1024
6402	1024
9053	1024
9394	1024
1803	1024
7823	1024
8025	1024
554	1024
8525	1024
8985	1024
5379	1024
2723	1024
550	1024
6008	1024
8082	1024
2142	1024
9029	1024
2853	1024
7	1024
7804	1024
758	1024
6064	1024
2917	1024
180	1024
6444	1024
305	1024
7488	1024
8106	1024
2332	1024
421	1024
7158	1024
2560	1024
6822	1024
6210	1024
8305	1024
8624	1024
4032	1024
6329	1024
5530	1024
8908	1024
1665	1024
908	1024
7983	1024
2214	1024
6916	1024
6064	1024
707	1024
5944	1024
8916	1024
714	1024
3748	1024
9673	1024
3129	1024
3016	1024
6205	1024
9572	1024
3321	1024
44	1024
7678	1024
2004	1024
464	1024
4835	1024
4563	1024
3637	1024
7396	1024
2868	1024
8613	1024
7780	1024
5548	1024
4142	1024
6687	1024
7213	1024
1401	1024
4669	1024
5778	1024
8316	1024
732	1024
2837	1024
612	1024
6000	1024
3550	1024
711	1024
2024	1024
3030	1024
3726	1024
4580	1024
2602	1024
3398	1024
976	1024
279	1024
5402	1024
7791	1024
1465	1024
9964	1024
1428	1024
5212	1024
9183	1024
40	1024
2991	1024
4731	1024
533	1024
6030	1024
8295	1024
1933	1024
7050	1024
424	1024
6601	1024
4134	1024
3260	1024
7212	1024
6485	1024
6809	1024
7922	1024
8508	1024
9839	1024
7999	1024
9440	1024
8792	1024
1397	1024
415	1024
5422	1024
6798	1024
8205	1024
3238	1024
3113	1024
5984	1024
8449	1024
8648	1024
2375	1024
7792	1024
3378	1024
2907	1024
173	1024
8024	1024
1192	1024
7222	1024
8447	1024
7792	1024
7707	1024
1707	1024
1355	1024
4191	1024
4867	1024
9276	1024
2699	1024
1057	1024
3626	1024
8490	1024
9848	1024
5022	1024
8904	1024
1621	1024
8171	1024
3460	1024
4858	1024
7636	1024
9444	1024
9659	1024
6283	1024
1818	1024
7450	1024
6012	1024
1077	1024
3974	1024
4035	1024
2268	1024
1195	1024
8833	1024
6411	1024
8902	1024
6891	1024
7765	1024
3092	1024
1758	1024
3392	1024
2142	1024
9166	1024
7017	1024
631	1024
5366	1024
2039	1024
5886	1024
6986	1024
6561	1024
9346	1024
8196	1024
4196	1024
5141	1024
7854	1024
6830	1024
3310	1024
1655	1024
9193	1024
4386	1024
5628	1024
9579	1024
3005	1024
3174	1024
8412	1024
9415	1024
8427	1024
5302	1024
7179	1024
7871	1024
3411	1024
570	1024
6364	1024
2577	1024
3939	1024
6995	1024
4294	1024
2329	1024
9232	1024
7631	1024
8889	1024
4929	1024
5826	1024
9437	1024
69	1024
3679	1024
2618	1024
9731	1024
1685	1024
1811	1024
4116	1024
7312	1024
1389	1024
3473	1024
6838	1024
9800	1024
9239	1024
5264	1024
1454	1024
6418	1024
3134	1024
4864	1024
3339	1024
9498	1024
3792	1024
7277	1024
2844	1024
4437	1024
9605	1024
8427	1024
2068	1024
4846	1024
3356	1024
7893	1024
634	1024
9776	1024
7924	1024
3251	1024
9506	1024
9608	1024
1413	1024
9974	1024
6920	1024
2802	1024
3446	1024
3757	1024
8953	1024
2684	1024
5372	1024
6758	1024
5453	1024
4858	1024
7974	1024
5144	1024
4355	1024
8117	1024
2420	1024
3550	1024
2554	1024
8377	1024
1976	1024
4621	1024
9574	1024
1683	1024
2513	1024
207	1024
1459	1024
6788	1024
9809	1024
964	1024
6396	1024
1222	1024
937	1024
9667	1024
375	1024
734	1024
3423	1024
5679	1024
9770	1024
5146	1024
2437	1024
5222	1024
3	1024
6762	1024
365	1024
709	1024
4878	1024
9137	1024
610	1024
7431	1024
3865	1024
2586	1024
2051	1024
9790	1024
4268	1024
916	1024
6348	1024
2078	1024
7703	1024
6156	1024
3042	1024
450	1024
3729	1024
330	1024
116	1024
455	1024
1064	1024
3538	1024
6134	1024
833	1024
5036	1024
4922	1024
2406	1024
5038	1024
1683	1024
9123	1024
5747	1024
2912	1024
4611	1024
2708	1024
343	1024
4827	1024
5293	1024
8745	1024
4616	1024
5913	1024
6012	1024
963	1024
7990	1024
67	1024
3470	1024
7383	1024
516	1024
3551	1024
7713	1024
632	1024
4005	1024
5128	1024
521	1024
6490	1024
2312	1024
5556	1024
7763	1024
4717	1024
6946	1024
5797	1024
191	1024
9044	1024
8709	1024
4801	1024
1751	1024
9051	1024
5979	1024
3396	1024
4147	1024
594	1024
9308	1024
159	1024
7908	1024
3649	1024
6577	1024
7730	1024
1032	1024
7092	1024
1280	1024
8744	1024
4075	1024
1636	1024
223	1024
4596	1024
4478	1024
2534	1024
6503	1024
2240	1024
7250	1024
3448	1024
4389	1024
3793	1024
2491	1024
3097	1024
4945	1024
594	1024
8499	1024
924	1024
3989	1024
2645	1024
7869	1024
3296	1024
9155	1024
2129	1024
3296	1024
2083	1024
9858	1024
4327	1024
9175	1024
7489	1024
9422	1024
3249	1024
5476	1024
9644	1024
4196	1024
9953	1024
2177	1024
699	1024
8545	1024
5779	1024
498	1024
2933	1024
9571	1024
2989	1024
6029	1024
4515	1024
9934	1024
879	1024
1790	1024
3922	1024
3523	1024
6011	1024
3569	1024
9030	1024
8139	1024
6864	1024
1112	1024
4348	1024
1191	1024
6638	1024
1836	1024
6964	1024
6239	1024
3663	1024
6608	1024
434	1024
3616	1024
5136	1024
7484	1024
8512	1024
914	1024
7982	1024
1444	1024
6836	1024
7322	1024
3824	1024
7703	1024
7255	1024
4702	1024
9492	1024
7528	1024
4576	1024
1854	1024
1096	1024
9957	1024
9992	1024
7959	1024
7421	1024
4339	1024
5501	1024
410	1024
2526	1024
2465	1024
6648	1024
2541	1024
5424	1024
3434	1024
2508	1024
559	1024
7269	1024
1019	1024
7825	1024
5250	1024
8814	1024
4660	1024
8923	1024
8989	1024
8714	1024
2529	1024
42	1024
8206	1024
56	1024
4617	1024
6411	1024
1151	1024
926	1024
6403	1024
5462	1024
8346	1024
7093	1024
962	1024
8755	1024
5971	1024
3426	1024
1755	1024
8511	1024
8849	1024
1540	1024
1018	1024
5760	1024
8808	1024
2036	1024
3584	1024
410	1024
7201	1024
4595	1024
5684	1024
6189	1024
3309	1024
8213	1024
6230	1024
7866	1024
4620	1024
7198	1024
4276	1024
2123	1024
8123	1024
7030	1024
7584	1024
2820	1024
4123	1024
8545	1024
7927	1024
6445	1024
8323	1024
9681	1024
4955	1024
3523	1024
7572	1024
5972	1024
9282	1024
6379	1024
4359	1024
9217	1024
6788	1024
1559	1024
3812	1024
2472	1024
4099	1024
3472	1024
7036	1024
328	1024
1337	1024
1655	1024
7525	1024
5612	1024
3777	1024
2000	1024
2642	1024
1360	1024
4819	1024
3116	1024
6257	1024
9097	1024
9560	1024
4579	1024
8777	1024
866	1024
4453	1024
6348	1024
6837	1024
3735	1024
9079	1024
7547	1024
9303	1024
5866	1024
5457	1024
3114	1024
4689	1024
9555	1024
6585	1024
1724	1024
6234	1024
4273	1024
9731	1024
110	1024
6237	1024
9859	1024
2109	1024
5230	1024
7571	1024
3280	1024
8345	1024
3827	1024
2376	1024
4256	1024
4757	1024
7505	1024
5121	1024
9209	1024
204	1024
8309	1024
9295	1024
9282	1024
5855	1024
8598	1024
1500	1024
7663	1024
8063	1024
2540	1024
7217	1024
1000	1024
616	1024
9802	1024
5272	1024
346	1024
9911	1024
1508	1024
6556	1024
8372	1024
6737	1024
4126	1024
8003	1024
1433	1024
7952	1024
378	1024
5688	1024
9060	1024
4234	1024
7160	1024
8269	1024
4438	1024
5468	1024
7563	1024
71	1024
1322	1024
2512	1024
7922	1024
5336	1024
575	1024
462	1024
8904	1024
7926	1024
1077	1024
8705	1024
3197	1024
7774	1024
4968	1024
1057	1024
4329	1024
3339	1024
4145	1024
8455	1024
1341	1024
5578	1024
2758	1024
8070	1024
7617	1024
1818	1024
2304	1024
4777	1024
6438	1024
3093	1024
6596	1024
352	1024
3163	1024
4270	1024
2864	1024
1085	1024
9605	1024
9790	1024
7898	1024
8509	1024
7715	1024
8974	1024
7213	1024
7263	1024
3099	1024
2180	1024
4671	1024
7427	1024
1870	1024
8816	1024
2233	1024
9562	1024
745	1024
1343	1024
7632	1024
4713	1024
3160	1024
6287	1024
5841	1024
5949	1024
9379	1024
2437	1024
6300	1024
8893	1024
6706	1024
5515	1024
6329	1024
6310	1024
1656	1024
4226	1024
1170	1024
5722	1024
9551	1024
8383	1024
2985	1024
2649	1024
6914	1024
7655	1024
6428	1024
8784	1024
2822	1024
5012	1024
8345	1024
9918	1024
6354	1024
2328	1024
4631	1024
5865	1024
8614	1024
6823	1024
1813	1024
4344	1024
9259	1024
4465	1024
9589	1024
5964	1024
6331	1024
5917	1024
8626	1024
7987	1024
6495	1024
9795	1024
3708	1024
2397	1024
4529	1024
3044	1024
5046	1024
1443	1024
7051	1024
7825	1024
6578	1024
9872	1024
2836	1024
1274	1024
6142	1024
9190	1024
3602	1024
7124	1024
1406	1024
8567	1024
3946	1024
3219	1024
9263	1024
3205	1024
4035	1024
8851	1024
5520	1024
365	1024
1119	1024
497	1024
4703	1024
7613	1024
6644	1024
8411	1024
6362	1024
1172	1024
1454	1024
7759	1024
8966	1024
8504	1024
5583	1024
1895	1024
4728	1024
4770	1024
3169	1024
7221	1024
311	1024
3122	1024
4344	1024
1717	1024
8040	1024
8289	1024
1287	1024
7302	1024
7845	1024
5321	1024
2504	1024
9717	1024
2037	1024
3623	1024
213	1024
6740	1024
7587	1024
3208	1024
1502	1024
3948	1024
4380	1024
2955	1024
1706	1024
9697	1024
7811	1024
3640	1024
1592	1024
8890	1024
8410	1024
4760	1024
6110	1024
8720	1024
4233	1024
453	1024
436	1024
2272	1024
5093	1024
8074	1024
5926	1024
9290	1024
9746	1024
8429	1024
9006	1024
1783	1024
8403	1024
5570	1024
4874	1024
2342	1024
8778	1024
6375	1024
6289	1024
9509	1024
5681	1024
4347	1024
9205	1024
9843	1024
4338	1024
796	1024
8732	1024
2747	1024
1907	1024
1193	1024
7819	1024
6139	1024
7997	1024
4606	1024
4763	1024
3090	1024
2680	1024
7040	1024
8731	1024
2425	1024
1820	1024
7736	1024
559	1024
223	1024
3305	1024
5432	1024
2564	1024
2082	1024
1806	1024
5204	1024
7942	1024
7487	1024
5902	1024
7147	1024
3681	1024
240	1024
7942	1024
8765	1024
9338	1024
9849	1024
9957	1024
3508	1024
2339	1024
7954	1024
8114	1024
3453	1024
7395	1024
793	1024
492	1024
6125	1024
9569	1024
2312	1024
212	1024
128	1024
8886	1024
3516	1024
5559	1024
7801	1024
1950	1024
3717	1024
9356	1024
9891	1024
1203	1024
1610	1024
3389	1024
1235	1024
8201	1024
1331	1024
9999	1024
7538	1024
7531	1024
9956	1024
1046	1024
6221	1024
4261	1024
5511	1024
9674	1024
8007	1024
6303	1024
6517	1024
483	1024
2223	1024
5180	1024
694	1024
2350	1024
4065	1024
561	1024
7909	1024
8217	1024
8862	1024
1625	1024
3925	1024
5105	1024
9179	1024
5534	1024
8493	1024
413	1024
3734	1024
9823	1024
6764	1024
7623	1024
3705	1024
6719	1024
5020	1024
9926	1024
7331	1024
530	1024
5951	1024
5337	1024
3184	1024
2467	1024
2171	1024
5407	1024
7647	1024
2864	1024
7756	1024
8063	1024
3424	1024
2016	1024
2632	1024
8638	1024
9992	1024
6556	1024
3742	1024
5522	1024
2089	1024
2234	1024
2287	1024
5822	1024
8409	1024
9050	1024
9796	1024
2113	1024
2120	1024
4816	1024
8390	1024
9450	1024
1697	1024
4340	1024
1138	1024
4881	1024
6807	1024
3308	1024
6639	1024
805	1024
2523	1024
4394	1024
5219	1024
5946	1024
2762	1024
7850	1024
4583	1024
9105	1024
4405	1024
4676	1024
4627	1024
6493	1024
6910	1024
6913	1024
8666	1024
5318	1024
2314	1024
8462	1024
3782	1024
4433	1024
9629	1024
2172	1024
234	1024
1325	1024
6511	1024
1371	1024
2557	1024
9669	1024
1030	1024
9195	1024
6825	1024
3552	1024
9941	1024
2044	1024
5849	1024
9054	1024
9893	1024
6784	1024
8158	1024
650	1024
1459	1024
2784	1024
7142	1024
4720	1024
6048	1024
2160	1024
37	1024
8361	1024
6973	1024
3819	1024
2793	1024
6601	1024
2342	1024
9378	1024
4277	1024
5204	1024
748	1024
6834	1024
4873	1024
8129	1024
2380	1024
1697	1024
1680	1024
2320	1024
92	1024
3881	1024
1373	1024
6337	1024
664	1024
9531	1024
6986	1024
8474	1024
8666	1024
4127	1024
3194	1024
4714	1024
2638	1024
9582	1024
3074	1024
9610	1024
9752	1024
2219	1024
2562	1024
2093	1024
1596	1024
6839	1024
7297	1024
8696	1024
24	1024
8521	1024
3176	1024
2403	1024
6569	1024
1208	1024
4723	1024
6661	1024
5088	1024
6095	1024
2997	1024
2103	1024
1977	1024
6334	1024
576	1024
643	1024
460	1024
3769	1024
5356	1024
9450	1024
9703	1024
4781	1024
9059	1024
9454	1024
3351	1024
1621	1024
1547	1024
1299	1024
8459	1024
5195	1024
6346	1024
4834	1024
3715	1024
9521	1024
7236	1024
6635	1024
728	1024
1958	1024
3295	1024
2167	1024
4405	1024
2643	1024
4269	1024
6381	1024
8976	1024
4845	1024
3375	1024
5788	1024
4965	1024
5082	1024
5237	1024
4667	1024
6215	1024
647	1024
4121	1024
9565	1024
2267	1024
2019	1024
7215	1024
7077	1024
7213	1024
3560	1024
1910	1024
7279	1024
9433	1024
9146	1024
3913	1024
6512	1024
7455	1024
3560	1024
8679	1024
8211	1024
2554	1024
9299	1024
944	1024
7882	1024
495	1024
4318	1024
21	1024
5460	1024
5752	1024
1609	1024
6478	1024
1966	1024
2255	1024
6950	1024
7882	1024
874	1024
5320	1024
5097	1024
4302	1024
8884	1024
5008	1024
6212	1024
6162	1024
792	1024
1709	1024
6427	1024
7304	1024
9163	1024
6338	1024
2334	1024
7374	1024
5243	1024
1632	1024
8317	1024
3124	1024
2127	1024
8986	1024
9496	1024
3938	1024
4737	1024
1104	1024
6767	1024
6702	1024
9711	1024
69	1024
936	1024
584	1024
5388	1024
2384	1024
4885	1024
4272	1024
3743	1024
7448	1024
6785	1024
4535	1024
9156	1024
9563	1024
8190	1024
4671	1024
5900	1024
6875	1024
8396	1024
1143	1024
8506	1024
3064	1024
618	1024
6984	1024
2049	1024
6466	1024
7273	1024
3138	1024
7569	1024
392	1024
6191	1024
3631	1024
460	1024
7126	1024
566	1024
5847	1024
5861	1024
5451	1024
6470	1024
9604	1024
9250	1024
3255	1024
4138	1024
4758	1024
2817	1024
8679	1024
9428	1024
5069	1024
5553	1024
4175	1024
2563	1024
410	1024
7238	1024
9532	1024
7394	1024
5638	1024
5997	1024
1018	1024
5127	1024
9918	1024
7761	1024
1318	1024
3548	1024
8220	1024
4795	1024
4114	1024
419	1024
656	1024
5916	1024
6888	1024
259	1024
5165	1024
6494	1024
748	1024
9922	1024
5663	1024
9426	1024
5701	1024
7083	1024
4978	1024
9875	1024
9645	1024
5387	1024
3464	1024
5528	1024
9132	1024
9102	1024
1525	1024
6502	1024
580	1024
1442	1024
4262	1024
1897	1024
4989	1024
8834	1024
3044	1024
9102	1024
9252	1024
51	1024
5017	1024
2491	1024
6661	1024
6534	1024
8985	1024
7408	1024
6455	1024
999	1024
3185	1024
2156	1024
8081	1024
4514	1024
8382	1024
4077	1024
9900	1024
1846	1024
9604	1024
5384	1024
7299	1024
7480	1024
1885	1024
7878	1024
8921	1024
2498	1024
6127	1024
262	1024
1331	1024
5522	1024
5715	1024
6934	1024
5572	1024
732	1024
9425	1024
2232	1024
3617	1024
4761	1024
5991	1024
71	1024
5759	1024
9175	1024
8578	1024
191	1024
3688	1024
6960	1024
619	1024
9939	1024
5157	1024
6574	1024
5322	1024
8807	1024
4054	1024
3558	1024
6684	1024
9326	1024
6056	1024
9162	1024
9587	1024
3738	1024
4683	1024
5302	1024
672	1024
254	1024
2385	1024
96	1024
8837	1024
6001	1024
1208	1024
4827	1024
2423	1024
3318	1024
353	1024
7353	1024
3508	1024
4040	1024
664	1024
478	1024
331	1024
5820	1024
7051	1024
2004	1024
978	1024
7456	1024
5562	1024
7661	1024
6782	1024
7969	1024
3175	1024
2720	1024
8058	1024
7857	1024
4373	1024
8729	1024
4463	1024
6757	1024
5176	1024
3299	1024
9109	1024
6383	1024
4478	1024
7884	1024
6052	1024
4830	1024
1588	1024
5911	1024
5222	1024
2251	1024
6388	1024
5552	1024
4422	1024
9791	1024
7555	1024
5399	1024
7246	1024
9468	1024
9411	1024
4027	1024
3788	1024
2585	1024
3099	1024
1846	1024
6794	1024
7471	1024
6926	1024
1256	1024
580	1024
2102	1024
906	1024
6040	1024
4836	1024
1735	1024
3923	1024
888	1024
6565	1024
5510	1024
6798	1024
8138	1024
4112	1024
9538	1024
41	1024
8533	1024
9328	1024
3947	1024
3931	1024
6573	1024
3415	1024
9694	1024
6952	1024
7202	1024
2278	1024
6402	1024
5399	1024
5423	1024
3872	1024
2325	1024
3030	1024
4451	1024
778	1024
3936	1024
491	1024
5613	1024
5670	1024
765	1024
2852	1024
8586	1024
2627	1024
6002	1024
3075	1024
6738	1024
5539	1024
3115	1024
1623	1024
1218	1024
7062	1024
1905	1024
7790	1024
476	1024
1598	1024
1093	1024
4029	1024
228	1024
7494	1024
5780	1024
5650	1024
7718	1024
8104	1024
8680	1024
2168	1024
8881	1024
8967	1024
9010	1024
845	1024
988	1024
9775	1024
49	1024
9574	1024
2401	1024
6050	1024
2648	1024
5490	1024
7940	1024
2115	1024
7112	1024
9157	1024
9176	1024
9017	1024
3298	1024
6003	1024
614	1024
743	1024
6383	1024
841	1024
8236	1024
2162	1024
2843	1024
2305	1024
265	1024
1522	1024
4473	1024
5497	1024
488	1024
3482	1024
2694	1024
7827	1024
9608	1024
9094	1024
7400	1024
8360	1024
5143	1024
6400	1024
3850	1024
9434	1024
4866	1024
7313	1024
8590	1024
4041	1024
6329	1024
1887	1024
6395	1024
3295	1024
8981	1024
2777	1024
487	1024
3569	1024
4939	1024
3329	1024
5873	1024
1555	1024
1202	1024
345	1024
3404	1024
8041	1024
179	1024
6097	1024
5868	1024
6138	1024
5190	1024
9619	1024
4498	1024
6684	1024
2370	1024
4699	1024
6117	1024
7235	1024
2011	1024
1058	1024
7627	1024
4692	1024
9296	1024
4021	1024
7986	1024
8277	1024
6798	1024
4824	1024
1845	1024
1736	1024
4505	1024
7717	1024
9642	1024
5706	1024
4414	1024
3045	1024
99	1024
944	1024
5493	1024
5966	1024
7081	1024
7034	1024
1936	1024
7930	1024
69	1024
4306	1024
2628	1024
6185	1024
7892	1024
991	1024
3594	1024
5519	1024
2034	1024
2890	1024
9539	1024
6371	1024
1166	1024
6336	1024
1194	1024
9362	1024
4423	1024
5698	1024
7078	1024
4065	1024
7756	1024
7843	1024
3461	1024
7854	1024
8786	1024
8954	1024
171	1024
2219	1024
5987	1024
2106	1024
148	1024
6056	1024
6411	1024
9128	1024
8592	1024
4303	1024
6470	1024
8538	1024
6173	1024
8503	1024
1427	1024
5711	1024
4873	1024
8944	1024
2047	1024
2418	1024
8305	1024
2821	1024
4468	1024
1734	1024
3237	1024
2223	1024
9577	1024
6698	1024
6428	1024
4714	1024
5651	1024
6598	1024
6932	1024
7989	1024
8703	1024
3432	1024
396	1024
1466	1024
2559	1024
5340	1024
2120	1024
5380	1024
3877	1024
8292	1024
3882	1024
5303	1024
4002	1024
5106	1024
598	1024
2400	1024
3875	1024
8902	1024
5221	1024
8342	1024
6987	1024
8457	1024
6916	1024
2915	1024
5154	1024
3343	1024
7629	1024
7156	1024
9940	1024
912	1024
1497	1024
8643	1024
4343	1024
1892	1024
108	1024
3253	1024
3583	1024
2227	1024
4984	1024
7459	1024
518	1024
8865	1024
9113	1024
871	1024
322	1024
9710	1024
3271	1024
549	1024
4963	1024
4843	1024
5242	1024
8302	1024
9651	1024
2158	1024
1216	1024
1157	1024
5500	1024
5196	1024
8312	1024
1792	1024
6108	1024
6160	1024
434	1024
6802	1024
8052	1024
6893	1024
6407	1024
7986	1024
5471	1024
1390	1024
5445	1024
2340	1024
6607	1024
909	1024
9562	1024
6928	1024
6971	1024
2832	1024
3828	1024
8285	1024
4026	1024
9070	1024
6586	1024
3677	1024
1227	1024
7802	1024
4833	1024
3078	1024
2997	1024
9496	1024
4869	1024
5456	1024
5656	1024
1654	1024
2258	1024
59	1024
4898	1024
8664	1024
8044	1024
6720	1024
6405	1024
9840	1024
9059	1024
3011	1024
749	1024
8621	1024
6291	1024
7719	1024
7804	1024
118	1024
6003	1024
1830	1024
9187	1024
2589	1024
1858	1024
6765	1024
6742	1024
6690	1024
9843	1024
6090	1024
6185	1024
1063	1024
1546	1024
8192	1024
2717	1024
155	1024
8250	1024
7614	1024
5170	1024
6294	1024
4334	1024
1574	1024
6133	1024
9744	1024
4585	1024
3233	1024
4716	1024
875	1024
951	1024
8872	1024
992	1024
3306	1024
701	1024
6531	1024
2246	1024
8910	1024
3295	1024
5339	1024
5599	1024
9489	1024
1428	1024
8135	1024
6904	1024
9325	1024
2679	1024
9620	1024
9479	1024
928	1024
3585	1024
1000	1024
3573	1024
4270	1024
2574	1024
6058	1024
366	1024
3510	1024
9290	1024
5081	1024
4384	1024
6593	1024
304	1024
1727	1024
6250	1024
1004	1024
4609	1024
8495	1024
6265	1024
4256	1024
185	1024
1863	1024
96	1024
7964	1024
6350	1024
6999	1024
7289	1024
9028	1024
6618	1024
3119	1024
6307	1024
6555	1024
4119	1024
9880	1024
7176	1024
3044	1024
2289	1024
7541	1024
2905	1024
1578	1024
8974	1024
7288	1024
4522	1024
9277	1024
5366	1024
771	1024
6633	1024
6327	1024
5617	1024
2897	1024
582	1024
5801	1024
1112	1024
677	1024
3765	1024
3813	1024
7676	1024
7405	1024
9192	1024
645	1024
523	1024
5498	1024
3551	1024
993	1024
1729	1024
727	1024
388	1024
4017	1024
4619	1024
3292	1024
1947	1024
3592	1024
6931	1024
6468	1024
9221	1024
8649	1024
7239	1024
5853	1024
4975	1024
9207	1024
8749	1024
5556	1024
5008	1024
6212	1024
2584	1024
5124	1024
24	1024
6611	1024
8880	1024
9215	1024
7256	1024
9402	1024
1065	1024
7158	1024
6747	1024
2793	1024
7884	1024
3486	1024
6810	1024
2503	1024
6778	1024
8756	1024
2446	1024
60	1024
1575	1024
1666	1024
8708	1024
5165	1024
7518	1024
3682	1024
4372	1024
2619	1024
5589	1024
5731	1024
5182	1024
8173	1024
7206	1024
1558	1024
1135	1024
6085	1024
772	1024
8390	1024
1838	1024
1836	1024
1900	1024
8584	1024
981	1024
9783	1024
2070	1024
4142	1024
8637	1024
5199	1024
2897	1024
7435	1024
5258	1024
823	1024
9100	1024
318	1024
5988	1024
2970	1024
3999	1024
359	1024
1940	1024
5940	1024
6089	1024
7121	1024
464	1024
3294	1024
8678	1024
1598	1024
9378	1024
5802	1024
6340	1024
7567	1024
3989	1024
8239	1024
6151	1024
4969	1024
4373	1024
4572	1024
9110	1024
3010	1024
6122	1024
8358	1024
6796	1024
7731	1024
9181	1024
5895	1024
8048	1024
1520	1024
5216	1024
8399	1024
1878	1024
7155	1024
4338	1024
4318	1024
628	1024
1153	1024
3963	1024
5657	1024
2750	1024
9692	1024
7810	1024
9089	1024
7258	1024
1799	1024
3679	1024
9760	1024
3119	1024
8052	1024
683	1024
2229	1024
7413	1024
6804	1024
6938	1024
4208	1024
4535	1024
2470	1024
102	1024
8934	1024
3989	1024
1670	1024
7332	1024
2218	1024
5176	1024
8021	1024
6535	1024
2155	1024
5525	1024
6849	1024
4164	1024
8275	1024
6540	1024
1973	1024
3715	1024
150	1024
123	1024
7394	1024
9909	1024
3242	1024
1797	1024
592	1024
1822	1024
9209	1024
3747	1024
8759	1024
3416	1024
4633	1024
7581	1024
9869	1024
3567	1024
1569	1024
1538	1024
7250	1024
3787	1024
3066	1024
1623	1024
6673	1024
5220	1024
7147	1024
9874	1024
9383	1024
1773	1024
6413	1024
1356	1024
5488	1024
2914	1024
7830	1024
9233	1024
9175	1024
1071	1024
1029	1024
9766	1024
2892	1024
237	1024
9864	1024
8003	1024
4	1024
4497	1024
5583	1024
9872	1024
8063	1024
3503	1024
7762	1024
5312	1024
7289	1024
827	1024
3286	1024
314	1024
6046	1024
433	1024
187	1024
1781	1024
8557	1024
2951	1024
9488	1024
4044	1024
5865	1024
7317	1024
9628	1024
5039	1024
8388	1024
7008	1024
1156	1024
7631	1024
3596	1024
1019	1024
1985	1024
3599	1024
5515	1024
7567	1024
9823	1024
9929	1024
1070	1024
7584	1024
1593	1024
4710	1024
8410	1024
4878	1024
1375	1024
807	1024
1662	1024
1561	1024
8939	1024
219	1024
864	1024
8426	1024
614	1024
3080	1024
2095	1024
6594	1024
4470	1024
6834	1024
3601	1024
1977	1024
4464	1024
7197	1024
2995	1024
2801	1024
7147	1024
4862	1024
367	1024
6969	1024
1142	1024
7788	1024
4552	1024
2734	1024
8850	1024
9313	1024
3964	1024
224	1024
6472	1024
5625	1024
8137	1024
1762	1024
2195	1024
5352	1024
188	1024
2809	1024
8431	1024
8634	1024
9402	1024
2900	1024
5467	1024
9354	1024
4876	1024
6282	1024
2902	1024
4222	1024
9082	1024
49	1024
5435	1024
5801	1024
7017	1024
2929	1024
3588	1024
7921	1024
5662	1024
8789	1024
3585	1024
5977	1024
5365	1024
56	1024
7954	1024
9853	1024
1818	1024
148	1024
5204	1024
8357	1024
9308	1024
3634	1024
6990	1024
5061	1024
2885	1024
2456	1024
4415	1024
4112	1024
8737	1024
7316	1024
4685	1024
4171	1024
3716	1024
6472	1024
9971	1024
733	1024
9400	1024
9910	1024
5005	1024
1413	1024
8699	1024
8589	1024
7390	1024
415	1024
4997	1024
5343	1024
267	1024
3166	1024
1842	1024
5470	1024
1522	1024
7502	1024
5455	1024
4863	1024
2562	1024
8339	1024
3670	1024
3328	1024
8802	1024
8758	1024
6996	1024
3486	1024
2928	1024
711	1024
9957	1024
2898	1024
7795	1024
5708	1024
2808	1024
2799	1024
7121	1024
7858	1024
1388	1024
862	1024
8272	1024
2736	1024
2556	1024
8538	1024
5901	1024
4397	1024
359	1024
3774	1024
1898	1024
5813	1024
8636	1024
812	1024
503	1024
8657	1024
4139	1024
9304	1024
7414	1024
7486	1024
9141	1024
6694	1024
8197	1024
5450	1024
5943	1024
2343	1024
1157	1024
5102	1024
5142	1024
4629	1024
2959	1024
2881	1024
5490	1024
7582	1024
5616	1024
4397	1024
2471	1024
1516	1024
5146	1024
2829	1024
5289	1024
3395	1024
8641	1024
276	1024
4206	1024
5495	1024
8932	1024
4697	1024
1150	1024
2697	1024
2182	1024
291	1024
5742	1024
6730	1024
2092	1024
1685	1024
9073	1024
9600	1024
3138	1024
4214	1024
581	1024
2449	1024
3446	1024
2422	1024
30	1024
5413	1024
6819	1024
2501	1024
6928	1024
1964	1024
1681	1024
8568	1024
5358	1024
6674	1024
5195	1024
5916	1024
2168	1024
478	1024
612	1024
3318	1024
3174	1024
2793	1024
9960	1024
5268	1024
5875	1024
8403	1024
3304	1024
4947	1024
8002	1024
6441	1024
9160	1024
8582	1024
8889	1024
8957	1024
1004	1024
8919	1024
4369	1024
7822	1024
7771	1024
7648	1024
6137	1024
9451	1024
6215	1024
1494	1024
6124	1024
1409	1024
7409	1024
4644	1024
1886	1024
4372	1024
4313	1024
1411	1024
3517	1024
4272	1024
6678	1024
9391	1024
2674	1024
9981	1024
4337	1024
7027	1024
2774	1024
9848	1024
5609	1024
1662	1024
8804	1024
2964	1024
6932	1024
9524	1024
785	1024
4702	1024
7171	1024
3273	1024
505	1024
9737	1024
4766	1024
2980	1024
1145	1024
8527	1024
7623	1024
9382	1024
9250	1024
1935	1024
7144	1024
2766	1024
2558	1024
174	1024
8508	1024
1583	1024
6506	1024
9196	1024
8610	1024
9279	1024
9043	1024
4218	1024
7293	1024
4198	1024
7181	1024
4224	1024
3721	1024
4317	1024
5278	1024
891	1024
7589	1024
2134	1024
627	1024
8706	1024
5113	1024
8123	1024
3584	1024
9088	1024
3856	1024
9186	1024
7374	1024
7352	1024
8303	1024
9932	1024
3877	1024
6811	1024
7866	1024
382	1024
6006	1024
6475	1024
9661	1024
1401	1024
7044	1024
6953	1024
5598	1024
576	1024
7528	1024
5671	1024
4892	1024
2805	1024
2913	1024
8832	1024
4938	1024
9892	1024
3890	1024
6403	1024
4366	1024
3825	1024
5490	1024
8222	1024
3010	1024
9215	1024
1925	1024
1313	1024
5498	1024
5801	1024
4475	1024
3364	1024
6182	1024
480	1024
9838	1024
2194	1024
1880	1024
3234	1024
5498	1024
3830	1024
3809	1024
9378	1024
9500	1024
5053	1024
2182	1024
8764	1024
3884	1024
3472	1024
8655	1024
4125	1024
6226	1024
3021	1024
7950	1024
1715	1024
7594	1024
7311	1024
929	1024
9518	1024
4975	1024
2779	1024
1670	1024
9449	1024
6142	1024
7851	1024
6281	1024
2331	1024
6397	1024
4512	1024
5564	1024
8246	1024
4693	1024
9373	1024
7623	1024
4192	1024
4425	1024
6157	1024
9308	1024
4660	1024
5980	1024
7962	1024
5137	1024
2205	1024
982	1024
9438	1024
271	1024
8575	1024
6748	1024
7551	1024
4444	1024
8075	1024
329	1024
6113	1024
7523	1024
6470	1024
316	1024
155	1024
8801	1024
6712	1024
4667	1024
716	1024
1309	1024
5711	1024
88	1024
5284	1024
6255	1024
864	1024
7792	1024
5562	1024
1876	1024
123	1024
3523	1024
7012	1024
8679	1024
4505	1024
6449	1024
8949	1024
9431	1024
9548	1024
2851	1024
3875	1024
7622	1024
3180	1024
9987	1024
1497	1024
6001	1024
302	1024
8003	1024
1153	1024
3365	1024
9021	1024
1869	1024
1026	1024
4732	1024
8308	1024
2661	1024
986	1024
5524	1024
452	1024
6547	1024
7399	1024
6926	1024
69	1024
762	1024
5604	1024
925	1024
3562	1024
4552	1024
356	1024
9461	1024
3754	1024
4230	1024
7083	1024
6933	1024
568	1024
4931	1024
9286	1024
7222	1024
2933	1024
438	1024
6938	1024
1954	1024
8658	1024
7963	1024
6685	1024
3318	1024
623	1024
7670	1024
8841	1024
7426	1024
4216	1024
2591	1024
4351	1024
636	1024
3352	1024
9954	1024
1561	1024
6913	1024
857	1024
1916	1024
6373	1024
4611	1024
2497	1024
9807	1024
7895	1024
9416	1024
1089	1024
7180	1024
6637	1024
374	1024
3970	1024
3575	1024
8679	1024
8979	1024
1537	1024
1715	1024
2296	1024
8512	1024
9384	1024
1136	1024
5937	1024
9951	1024
78	1024
6640	1024
6938	1024
3429	1024
6593	1024
8498	1024
6693	1024
3802	1024
6765	1024
9418	1024
4764	1024
9261	1024
5576	1024
2658	1024
8677	1024
3017	1024
6190	1024
1665	1024
3390	1024
6511	1024
5239	1024
2068	1024
5489	1024
3128	1024
3782	1024
4137	1024
1639	1024
9517	1024
5272	1024
3927	1024
5819	1024
1702	1024
566	1024
2756	1024
5130	1024
3511	1024
7606	1024
8175	1024
3664	1024
4370	1024
7592	1024
8427	1024
9983	1024
9519	1024
7436	1024
5011	1024
2535	1024
9977	1024
6675	1024
5924	1024
6487	1024
1914	1024
4343	1024
8328	1024
1393	1024
4476	1024
2464	1024
9383	1024
3992	1024
4087	1024
3309	1024
6162	1024
5788	1024
227	1024
8918	1024
7270	1024
3737	1024
2875	1024
5444	1024
3752	1024
7244	1024
9387	1024
2178	1024
7226	1024
8905	1024
5965	1024
2236	1024
7792	1024
5942	1024
5263	1024
3715	1024
8780	1024
3528	1024
4410	1024
7107	1024
4920	1024
8885	1024
9570	1024
4302	1024
9229	1024
3657	1024
3962	1024
5390	1024
9444	1024
4188	1024
659	1024
6713	1024
4276	1024
3533	1024
8508	1024
8027	1024
7129	1024
7894	1024
6556	1024
4354	1024
3151	1024
2521	1024
2942	1024
942	1024
8462	1024
8204	1024
1008	1024
7241	1024
8083	1024
5417	1024
700	1024
3002	1024
654	1024
269	1024
3655	1024
9882	1024
3925	1024
7616	1024
1623	1024
9721	1024
1804	1024
2282	1024
2785	1024
2431	1024
2166	1024
1293	1024
458	1024
9294	1024
5538	1024
7013	1024
10000	1024
5040	1024
9533	1024
9293	1024
5981	1024
4346	1024
3848	1024
3341	1024
7939	1024
1930	1024
5109	1024
8638	1024
4931	1024
5762	1024
8906	1024
8585	1024
1995	1024
9183	1024
2552	1024
3618	1024
5255	1024
4355	1024
5899	1024
8039	1024
6786	1024
8064	1024
5683	1024
3595	1024
3710	1024
7573	1024
607	1024
3709	1024
2612	1024
6492	1024
3001	1024
4945	1024
7189	1024
6848	1024
4637	1024
5127	1024
5129	1024
9745	1024
3764	1024
59	1024
5507	1024
9022	1024
4995	1024
3853	1024
4556	1024
7546	1024
7470	1024
9810	1024
8253	1024
3368	1024
4200	1024
1390	1024
7784	1024
6235	1024
1336	1024
1493	1024
3807	1024
8294	1024
1553	1024
2770	1024
4785	1024
905	1024
4066	1024
1974	1024
4104	1024
8702	1024
3452	1024
9232	1024
8447	1024
3568	1024
5642	1024
305	1024
2589	1024
6988	1024
4157	1024
7144	1024
4533	1024
1627	1024
3305	1024
9137	1024
1346	1024
7504	1024
6878	1024
5481	1024
90	1024
8213	1024
3325	1024
248	1024
6507	1024
4877	1024
3018	1024
7643	1024
2133	1024
3435	1024
5968	1024
6236	1024
2137	1024
9420	1024
5467	1024
6935	1024
2987	1024
7460	1024
3591	1024
1927	1024
4447	1024
7747	1024
9070	1024
5332	1024
5725	1024
8726	1024
4468	1024
3423	1024
2581	1024
7698	1024
8903	1024
2671	1024
2262	1024
8580	1024
2918	1024
8768	1024
9808	1024
2287	1024
2763	1024
1941	1024
5722	1024
8730	1024
8176	1024
4210	1024
4501	1024
9995	1024
7496	1024
7487	1024
3806	1024
1086	1024
9413	1024
8253	1024
5184	1024
4834	1024
3584	1024
909	1024
3559	1024
4403	1024
683	1024
2492	1024
8452	1024
5937	1024
5162	1024
714	1024
4516	1024
8079	1024
9481	1024
4324	1024
6718	1024
8595	1024
2616	1024
8791	1024
7325	1024
791	1024
3000	1024
1825	1024
7137	1024
6847	1024
5664	1024
943	1024
7932	1024
1428	1024
5547	1024
3115	1024
6262	1024
5482	1024
375	1024
6172	1024
9884	1024
1057	1024
8663	1024
4688	1024
3346	1024
3824	1024
5401	1024
7861	1024
8255	1024
1233	1024
8536	1024
1324	1024
9828	1024
1151	1024
114	1024
3504	1024
8294	1024
9465	1024
5328	1024
1782	1024
6311	1024
991	1024
9076	1024
4242	1024
2419	1024
4622	1024
3708	1024
5032	1024
103	1024
4083	1024
7555	1024
6339	1024
1491	1024
6218	1024
1026	1024
1188	1024
6393	1024
2778	1024
5401	1024
999	1024
4010	1024
3936	1024
8674	1024
3837	1024
1439	1024
8787	1024
7340	1024
6084	1024
4603	1024
9020	1024
7865	1024
913	1024
6362	1024
6941	1024
1506	1024
5132	1024
7914	1024
1566	1024
163	1024
4369	1024
2000	1024
7718	1024
707	1024
3490	1024
287	1024
8084	1024
1030	1024
3031	1024
861	1024
6430	1024
382	1024
4870	1024
365	1024
9055	1024
5059	1024
8155	1024
7842	1024
8750	1024
4238	1024
8796	1024
4121	1024
8455	1024
6061	1024
483	1024
5395	1024
7566	1024
5614	1024
9660	1024
9131	1024
2129	1024
4028	1024
7482	1024
9846	1024
4734	1024
972	1024
6484	1024
9169	1024
2001	1024
9514	1024
29	1024
4782	1024
9895	1024
1251	1024
5146	1024
8950	1024
2661	1024
9653	1024
3143	1024
7762	1024
3890	1024
1938	1024
1883	1024
8696	1024
7998	1024
2365	1024
4090	1024
1916	1024
4330	1024
3750	1024
7398	1024
6458	1024
7777	1024
4880	1024
6303	1024
8863	1024
2203	1024
9138	1024
8031	1024
555	1024
8652	1024
4412	1024
5336	1024
4898	1024
5662	1024
6833	1024
199	1024
4674	1024
6485	1024
9693	1024
2435	1024
6727	1024
1631	1024
4317	1024
5422	1024
5980	1024
3033	1024
5864	1024
4247	1024
7363	1024
5965	1024
7997	1024
3820	1024
93	1024
2876	1024
6475	1024
5307	1024
1430	1024
5612	1024
3338	1024
1984	1024
615	1024
4101	1024
3671	1024
5513	1024
6114	1024
503	1024
2063	1024
787	1024
3340	1024
1756	1024
3221	1024
6418	1024
9738	1024
3890	1024
8191	1024
5717	1024
6922	1024
406	1024
6316	1024
4284	1024
6370	1024
4312	1024
8104	1024
6463	1024
7187	1024
4578	1024
8121	1024
4968	1024
6541	1024
1458	1024
6951	1024
7156	1024
1910	1024
6973	1024
9020	1024
8023	1024
3827	1024
1082	1024
5161	1024
7166	1024
2837	1024
8382	1024
9935	1024
2574	1024
8623	1024
8126	1024
4643	1024
5544	1024
8531	1024
958	1024
6180	1024
1253	1024
5269	1024
4283	1024
4067	1024
8807	1024
5212	1024
2187	1024
3774	1024
1752	1024
9997	1024
7076	1024
5259	1024
1906	1024
4048	1024
4278	1024
9929	1024
7874	1024
5360	1024
1441	1024
1392	1024
8196	1024
6174	1024
1326	1024
7122	1024
4796	1024
5803	1024
1764	1024
340	1024
686	1024
2721	1024
2871	1024
1938	1024
7989	1024
7153	1024
6004	1024
3147	1024
8716	1024
8190	1024
6920	1024
6819	1024
4538	1024
3995	1024
2078	1024
6444	1024
4394	1024
6355	1024
2724	1024
8619	1024
1714	1024
4164	1024
10	1024
6262	1024
338	1024
7688	1024
3383	1024
1485	1024
9842	1024
5146	1024
8176	1024
527	1024
4218	1024
1046	1024
8816	1024
8558	1024
8198	1024
4819	1024
1704	1024
3265	1024
9361	1024
8623	1024
84	1024
3898	1024
8969	1024
2161	1024
6693	1024
9714	1024
4867	1024
9416	1024
8332	1024
2933	1024
9932	1024
4694	1024
9194	1024
269	1024
8733	1024
8928	1024
1753	1024
8574	1024
425	1024
9929	1024
5453	1024
4642	1024
7326	1024
4268	1024
9551	1024
5524	1024
9087	1024
1254	1024
5140	1024
4799	1024
6228	1024
5223	1024
5048	1024
1548	1024
3735	1024
1741	1024
7613	1024
4954	1024
1156	1024
2296	1024
7886	1024
1087	1024
6989	1024
3431	1024
7707	1024
2073	1024
2358	1024
5812	1024
6999	1024
9134	1024
2092	1024
2451	1024
127	1024
9417	1024
6718	1024
9677	1024
1292	1024
2156	1024
7282	1024
6432	1024
3306	1024
9861	1024
8006	1024
8354	1024
1408	1024
8093	1024
94	1024
9020	1024
3046	1024
7601	1024
1315	1024
7283	1024
5040	1024
4656	1024
713	1024
2746	1024
6728	1024
9422	1024
4909	1024
3726	1024
8555	1024
7000	1024
2528	1024
5033	1024
2769	1024
9246	1024
1061	1024
4060	1024
7753	1024
8342	1024
6843	1024
1059	1024
8202	1024
1201	1024
9412	1024
5961	1024
9293	1024
5857	1024
1332	1024
8690	1024
3457	1024
2646	1024
5972	1024
4848	1024
3653	1024
3036	1024
7594	1024
6733	1024
2457	1024
8854	1024
6810	1024
7363	1024
5854	1024
9338	1024
2395	1024
4974	1024
4935	1024
3455	1024
9033	1024
2687	1024
8148	1024
5876	1024
97	1024
6349	1024
3428	1024
5860	1024
2309	1024
2720	1024
1716	1024
9992	1024
1409	1024
1525	1024
2637	1024
3732	1024
6372	1024
2642	1024
6767	1024
317	1024
9374	1024
5575	1024
9171	1024
2535	1024
2937	1024
1376	1024
1872	1024
1683	1024
6349	1024
6806	1024
5137	1024
1733	1024
5845	1024
9636	1024
3960	1024
5941	1024
5984	1024
7387	1024
8153	1024
4644	1024
106	1024
9868	1024
4635	1024
7866	1024
7744	1024
3623	1024
7949	1024
4116	1024
6264	1024
4715	1024
784	1024
1989	1024
289	1024
6306	1024
4524	1024
9577	1024
7681	1024
2747	1024
1259	1024
381	1024
5905	1024
2747	1024
2114	1024
1749	1024
2382	1024
6073	1024
4041	1024
4717	1024
9812	1024
2193	1024
9360	1024
6269	1024
8413	1024
346	1024
487	1024
6156	1024
321	1024
8435	1024
6623	1024
2936	1024
9502	1024
7407	1024
1277	1024
6142	1024
3712	1024
5800	1024
5719	1024
7745	1024
4898	1024
3329	1024
8125	1024
802	1024
6076	1024
6590	1024
2550	1024
4809	1024
9015	1024
6591	1024
9526	1024
8826	1024
5135	1024
5237	1024
5094	1024
3547	1024
5583	1024
5580	1024
9703	1024
2255	1024
4015	1024
6325	1024
5190	1024
9868	1024
83	1024
6466	1024
6009	1024
147	1024
8617	1024
8079	1024
7891	1024
3515	1024
1408	1024
2367	1024
4316	1024
3835	1024
5309	1024
6866	1024
8643	1024
4323	1024
9808	1024
8168	1024
3148	1024
4942	1024
3405	1024
4593	1024
8489	1024
5339	1024
173	1024
4543	1024
7593	1024
539	1024
867	1024
9134	1024
6758	1024
7302	1024
5600	1024
2766	1024
7448	1024
568	1024
845	1024
1690	1024
4082	1024
8604	1024
408	1024
8398	1024
2438	1024
5716	1024
1615	1024
1080	1024
38	1024
1422	1024
5600	1024
9537	1024
2715	1024
5356	1024
482	1024
7555	1024
694	1024
7006	1024
2097	1024
4638	1024
7544	1024
9316	1024
123	1024
653	1024
6617	1024
2074	1024
3418	1024
416	1024
2642	1024
614	1024
8457	1024
6723	1024
5569	1024
8864	1024
1472	1024
8006	1024
932	1024
3086	1024
5438	1024
7321	1024
859	1024
1037	1024
3210	1024
9926	1024
6392	1024
3691	1024
7480	1024
3437	1024
696	1024
9577	1024
4426	1024
4591	1024
8892	1024
900	1024
5243	1024
1860	1024
2974	1024
5012	1024
8627	1024
5615	1024
1978	1024
7083	1024
8689	1024
7546	1024
2298	1024
161	1024
1904	1024
9581	1024
9598	1024
7341	1024
6902	1024
6809	1024
4729	1024
111	1024
6734	1024
7472	1024
3801	1024
4213	1024
908	1024
4496	1024
141	1024
1685	1024
9086	1024
5384	1024
2584	1024
680	1024
7243	1024
1909	1024
5691	1024
2221	1024
3875	1024
7668	1024
9303	1024
2564	1024
5214	1024
7953	1024
9076	1024
7117	1024
7533	1024
5025	1024
4457	1024
786	1024
1833	1024
5537	1024
896	1024
8566	1024
3008	1024
1048	1024
9131	1024
267	1024
1895	1024
9271	1024
8303	1024
980	1024
4655	1024
886	1024
1659	1024
8249	1024
9147	1024
3702	1024
470	1024
3021	1024
1369	1024
6124	1024
5584	1024
6582	1024
4076	1024
1011	1024
50	1024
7961	1024
6036	1024
858	1024
8746	1024
7868	1024
6394	1024
5994	1024
2786	1024
9401	1024
3393	1024
1916	1024
6019	1024
5288	1024
1186	1024
4321	1024
2619	1024
5840	1024
1559	1024
4278	1024
441	1024
705	1024
7979	1024
910	1024
3725	1024
5699	1024
7033	1024
5661	1024
2281	1024
7461	1024
6671	1024
2330	1024
1773	1024
9058	1024
3188	1024
6870	1024
3278	1024
5933	1024
2863	1024
6063	1024
5334	1024
6256	1024
7978	1024
1352	1024
1543	1024
5515	1024
2025	1024
513	1024
1355	1024
3583	1024
4790	1024
8147	1024
4287	1024
9120	1024
9056	1024
4363	1024
1171	1024
2440	1024
23	1024
3451	1024
9900	1024
3046	1024
2132	1024
8024	1024
8455	1024
1671	1024
4894	1024
1732	1024
7604	1024
7756	1024
7794	1024
9289	1024
363	1024
2123	1024
6992	1024
8257	1024
7638	1024
9016	1024
8770	1024
5344	1024
2598	1024
9911	1024
3490	1024
6884	1024
5383	1024
2545	1024
1247	1024
6553	1024
4984	1024
7621	1024
6355	1024
1236	1024
7018	1024
4838	1024
9259	1024
5473	1024
6509	1024
4152	1024
7204	1024
464	1024
8260	1024
1350	1024
9752	1024
4974	1024
3472	1024
6743	1024
3231	1024
1109	1024
5759	1024
8352	1024
6452	1024
4708	1024
4614	1024
9941	1024
1592	1024
9996	1024
8837	1024
9190	1024
2900	1024
3821	1024
3162	1024
9254	1024
1408	1024
180	1024
444	1024
666	1024
2004	1024
6952	1024
1170	1024
9207	1024
7415	1024
5781	1024
6908	1024
3518	1024
754	1024
380	1024
260	1024
336	1024
1488	1024
2370	1024
5039	1024
4292	1024
7078	1024
9653	1024
4232	1024
5021	1024
6000	1024
3069	1024
562	1024
8900	1024
3241	1024
75	1024
4505	1024
4648	1024
254	1024
4948	1024
1665	1024
8609	1024
8251	1024
9186	1024
7816	1024
5665	1024
4966	1024
4723	1024
5534	1024
2072	1024
1454	1024
5794	1024
2407	1024
2942	1024
4515	1024
7446	1024
7233	1024
7944	1024
3450	1024
7816	1024
9316	1024
9449	1024
7236	1024
9877	1024
4700	1024
476	1024
9952	1024
9205	1024
1475	1024
6557	1024
504	1024
3140	1024
5166	1024
8755	1024
2325	1024
9333	1024
771	1024
3643	1024
407	1024
6305	1024
5714	1024
1861	1024
8450	1024
8120	1024
1154	1024
9316	1024
1917	1024
4738	1024
7260	1024
1718	1024
8905	1024
6575	1024
1167	1024
6141	1024
2804	1024
5866	1024
6616	1024
2755	1024
1422	1024
8091	1024
5663	1024
1926	1024
1230	1024
828	1024
680	1024
9906	1024
160	1024
7802	1024
3548	1024
6919	1024
4106	1024
5613	1024
8779	1024
8907	1024
85	1024
6284	1024
8223	1024
8353	1024
1021	1024
5482	1024
71	1024
9925	1024
8408	1024
1237	1024
6065	1024
1211	1024
3454	1024
9033	1024
317	1024
4876	1024
7123	1024
5980	1024
6801	1024
4704	1024
6807	1024
3832	1024
961	1024
3319	1024
1633	1024
861	1024
237	1024
2091	1024
6473	1024
5367	1024
997	1024
2909	1024
8002	1024
5571	1024
1262	1024
5374	1024
7404	1024
1332	1024
1650	1024
5812	1024
2568	1024
4067	1024
3374	1024
6021	1024
3099	1024
3691	1024
7248	1024
6573	1024
9670	1024
4048	1024
7628	1024
2828	1024
4231	1024
8588	1024
2498	1024
2216	1024
5800	1024
9086	1024
4306	1024
8625	1024
804	1024
1654	1024
1533	1024
8805	1024
7225	1024
2794	1024
4178	1024
980	1024
4125	1024
5828	1024
6791	1024
3044	1024
9894	1024
165	1024
5417	1024
9344	1024
207	1024
2664	1024
5916	1024
6228	1024
3064	1024
3543	1024
9055	1024
7294	1024
8482	1024
7905	1024
9509	1024
4282	1024
6990	1024
166	1024
2906	1024
7794	1024
8172	1024
4438	1024
2950	1024
1748	1024
7232	1024
3480	1024
2727	1024
7708	1024
9307	1024
5870	1024
752	1024
5552	1024
6034	1024
6168	1024
4895	1024
2592	1024
8831	1024
7162	1024
8819	1024
8246	1024
7056	1024
4225	1024
5540	1024
5537	1024
2129	1024
1400	1024
9818	1024
5471	1024
7918	1024
9075	1024
9616	1024
2441	1024
3513	1024
2565	1024
4188	1024
7096	1024
6044	1024
6914	1024
1155	1024
1702	1024
2783	1024
1906	1024
3605	1024
5168	1024
4425	1024
4851	1024
7759	1024
3256	1024
2012	1024
2929	1024
7853	1024
9067	1024
3506	1024
3392	1024
956	1024
5634	1024
1144	1024
7125	1024
7456	1024
5413	1024
6200	1024
7071	1024
7853	1024
6064	1024
5988	1024
2040	1024
9511	1024
2031	1024
5305	1024
665	1024
85	1024
8088	1024
8923	1024
3689	1024
9607	1024
3347	1024
8540	1024
3718	1024
2954	1024
6903	1024
6646	1024
807	1024
2322	1024
151	1024
4198	1024
3277	1024
2137	1024
1693	1024
6753	1024
9592	1024
3457	1024
2952	1024
3015	1024
1309	1024
5367	1024
9002	1024
9700	1024
1229	1024
7384	1024
5005	1024
1894	1024
3820	1024
9444	1024
7168	1024
7509	1024
9050	1024
514	1024
2400	1024
2767	1024
3468	1024
9302	1024
9413	1024
4274	1024
7975	1024
5915	1024
4823	1024
7603	1024
8051	1024
2868	1024
4356	1024
3995	1024
6324	1024
3659	1024
3361	1024
7633	1024
9026	1024
8714	1024
3684	1024
6606	1024
6097	1024
8688	1024
4851	1024
6269	1024
8131	1024
2018	1024
129	1024
3533	1024
2532	1024
2528	1024
6299	1024
5999	1024
8181	1024
2063	1024
6624	1024
6156	1024
7978	1024
1446	1024
3758	1024
2380	1024
4313	1024
8113	1024
2726	1024
6989	1024
8124	1024
6086	1024
4621	1024
7149	1024
4799	1024
4656	1024
3754	1024
7248	1024
9696	1024
4957	1024
3516	1024
4178	1024
6974	1024
3644	1024
7710	1024
9505	1024
2523	1024
4009	1024
1855	1024
703	1024
2423	1024
8478	1024
3210	1024
400	1024
6276	1024
3320	1024
9132	1024
6940	1024
7784	1024
1857	1024
3928	1024
5907	1024
4295	1024
4900	1024
9407	1024
5445	1024
9556	1024
9513	1024
2692	1024
9251	1024
4469	1024
2559	1024
3428	1024
1442	1024
2554	1024
1138	1024
7299	1024
5076	1024
1498	1024
5505	1024
2131	1024
3920	1024
335	1024
5340	1024
672	1024
6610	1024
5011	1024
9803	1024
3549	1024
2795	1024
8011	1024
7477	1024
5053	1024
2305	1024
2376	1024
4460	1024
7750	1024
8283	1024
324	1024
6793	1024
7533	1024
4792	1024
9352	1024
7313	1024
2585	1024
1905	1024
4802	1024
6235	1024
3333	1024
6299	1024
1740	1024
5463	1024
6570	1024
2074	1024
7154	1024
7241	1024
5035	1024
2165	1024
7043	1024
8583	1024
1311	1024
1406	1024
2411	1024
2715	1024
3710	1024
1139	1024
7174	1024
7811	1024
9421	1024
3849	1024
4604	1024
3306	1024
4992	1024
307	1024
618	1024
7577	1024
8563	1024
1771	1024
163	1024
1895	1024
8069	1024
8254	1024
3709	1024
4638	1024
327	1024
863	1024
1879	1024
1713	1024
9379	1024
5273	1024
6648	1024
689	1024
6678	1024
9058	1024
3403	1024
6740	1024
6548	1024
6929	1024
902	1024
2321	1024
7129	1024
5505	1024
5626	1024
2121	1024
2163	1024
2595	1024
6049	1024
726	1024
4365	1024
6211	1024
8972	1024
8785	1024
4465	1024
2681	1024
9774	1024
1143	1024
3543	1024
8004	1024
2856	1024
2921	1024
3277	1024
9503	1024
9961	1024
6306	1024
4912	1024
9715	1024
9397	1024
1460	1024
6643	1024
299	1024
3780	1024
3772	1024
2155	1024
5757	1024
2244	1024
4318	1024
4703	1024
8292	1024
1395	1024
5419	1024
4502	1024
366	1024
555	1024
5318	1024
9398	1024
328	1024
2813	1024
9292	1024
8332	1024
5668	1024
8564	1024
7960	1024
1522	1024
8524	1024
617	1024
6433	1024
4591	1024
14	1024
4244	1024
1233	1024
312	1024
4375	1024
1356	1024
2466	1024
6483	1024
3599	1024
3135	1024
1185	1024
8242	1024
4529	1024
2955	1024
9096	1024
1247	1024
9861	1024
4413	1024
6996	1024
189	1024
7225	1024
6288	1024
4872	1024
9244	1024
1203	1024
9183	1024
765	1024
6079	1024
9799	1024
3550	1024
669	1024
6164	1024
7793	1024
1901	1024
2827	1024
2168	1024
9609	1024
1645	1024
8650	1024
9559	1024
4779	1024
6187	1024
7801	1024
5660	1024
5493	1024
6896	1024
3258	1024
5354	1024
7660	1024
253	1024
1894	1024
1237	1024
2892	1024
3117	1024
480	1024
447	1024
2299	1024
7597	1024
6525	1024
2097	1024
1146	1024
7193	1024
4613	1024
8938	1024
5445	1024
7439	1024
7457	1024
5053	1024
9083	1024
2459	1024
964	1024
3862	1024
4997	1024
8764	1024
5873	1024
489	1024
2011	1024
9130	1024
2194	1024
6022	1024
5734	1024
439	1024
7258	1024
4978	1024
3555	1024
4090	1024
5424	1024
5853	1024
1686	1024
1948	1024
4302	1024
2831	1024
9140	1024
8914	1024
8120	1024
936	1024
6352	1024
1929	1024
5989	1024
1787	1024
4387	1024
3304	1024
5648	1024
5735	1024
8419	1024
7872	1024
2575	1024
429	1024
7001	1024
4769	1024
6450	1024
9086	1024
5207	1024
60	1024
415	1024
5114	1024
4149	1024
5838	1024
966	1024
5834	1024
4137	1024
1619	1024
5016	1024
9628	1024
6884	1024
9487	1024
564	1024
3236	1024
7767	1024
2904	1024
1374	1024
8505	1024
6207	1024
3373	1024
4239	1024
4625	1024
1244	1024
6814	1024
1405	1024
4596	1024
7934	1024
4206	1024
3681	1024
3140	1024
4265	1024
448	1024
4605	1024
8413	1024
6285	1024
5571	1024
598	1024
422	1024
3541	1024
1965	1024
6401	1024
425	1024
1452	1024
6964	1024
12	1024
9218	1024
9867	1024
1385	1024
4075	1024
6073	1024
4757	1024
8313	1024
7049	1024
6000	1024
5126	1024
4805	1024
595	1024
3059	1024
9011	1024
627	1024
2551	1024
9627	1024
1074	1024
7155	1024
4392	1024
3711	1024
9077	1024
4989	1024
484	1024
2618	1024
6954	1024
